Parent	Target	CPstart	CPend	PostProb	CoeffMean	edgesThreshold
Su.z.12	CG32082	2	6	0	0	0.5
emp	CG32082	2	6	0	0	0.5
CG2678	CG32082	2	6	0	0	0.5
crc	CG32082	2	6	1e-04	0	0.5
pros	CG32082	2	6	2e-04	0	0.5
neur	CG32082	2	6	0	0	0.5
Rab5	CG32082	2	6	6e-04	0	0.5
Rab7	CG32082	2	6	3e-04	0	0.5
Mmp2	CG32082	2	6	9e-04	0	0.5
W	CG32082	2	6	0	0	0.5
bowl	CG32082	2	6	1e-04	0	0.5
fd59A	CG32082	2	6	0	0	0.5
e	CG32082	2	6	0	0	0.5
ben	CG32082	2	6	4e-04	0	0.5
rdo	CG32082	2	6	0	0	0.5
lin	CG32082	2	6	0	0	0.5
tra	CG32082	2	6	0	0	0.5
tra2	CG32082	2	6	0	0	0.5
cathD	CG32082	2	6	8e-04	0	0.5
d	CG32082	2	6	0	0	0.5
lva	CG32082	2	6	7e-04	0	0.5
pbl	CG32082	2	6	0	0	0.5
CG33205	CG32082	2	6	0	0	0.5
da	CG32082	2	6	0	0	0.5
cactin	CG32082	2	6	0	0	0.5
hpo	CG32082	2	6	0.0011	0	0.5
Sema.2a	CG32082	2	6	0	0	0.5
Eip74EF	CG32082	2	6	0	0	0.5
eg	CG32082	2	6	1	-0.99867	0.5
Arc42	CG32082	2	6	6e-04	0	0.5
toy	CG32082	2	6	0	0	0.5
Galpha73B	CG32082	2	6	0	0	0.5
RhoGAPp190	CG32082	2	6	3e-04	0	0.5
MED11	CG32082	2	6	1e-04	0	0.5
cher	CG32082	2	6	0	0	0.5
BicD	CG32082	2	6	0	0	0.5
MYPT.75D	CG32082	2	6	0	0	0.5
mus304	CG32082	2	6	1e-04	0	0.5
CdsA	CG32082	2	6	7e-04	0	0.5
btl	CG32082	2	6	5e-04	0	0.5
Cyt.c.d	CG32082	2	6	0	0	0.5
tok	CG32082	2	6	0	0	0.5
ttk	CG32082	2	6	0	0	0.5
tamo	CG32082	2	6	0	0	0.5
CG6416	CG32082	2	6	6e-04	0	0.5
flfl	CG32082	2	6	3e-04	0	0.5
Pvr	CG32082	2	6	0	0	0.5
kay	CG32082	2	6	0	0	0.5
Jra	CG32082	2	6	4e-04	0	0.5
msk	CG32082	2	6	0	0	0.5
tll	CG32082	2	6	0	0	0.5
Tm1	CG32082	2	6	0	0	0.5
srp	CG32082	2	6	3e-04	0	0.5
Btk29A	CG32082	2	6	9e-04	0	0.5
fred	CG32082	2	6	2e-04	0	0.5
Src64B	CG32082	2	6	2e-04	0	0.5
Mmp1	CG32082	2	6	0	0	0.5
sll	CG32082	2	6	5e-04	0	0.5
Hmgs	CG32082	2	6	0	0	0.5
caps	CG32082	2	6	0	0	0.5
Su.var.2.10	CG32082	2	6	0	0	0.5
CycB	CG32082	2	6	0	0	0.5
spir	CG32082	2	6	0.0013	0	0.5
spn.A	CG32082	2	6	3e-04	0	0.5
Ptpmeg	CG32082	2	6	0	0	0.5
qua	CG32082	2	6	0	0	0.5
msn	CG32082	2	6	2e-04	0	0.5
ena	CG32082	2	6	6e-04	0	0.5
spen	CG32082	2	6	9e-04	0	0.5
emc	CG32082	2	6	0	0	0.5
tsh	CG32082	2	6	2e-04	0	0.5
Dat	CG32082	2	6	0	0	0.5
Lac	CG32082	2	6	4e-04	0	0.5
dup	CG32082	2	6	4e-04	0	0.5
CG3075	CG32082	2	6	0	0	0.5
Akap200	CG32082	2	6	5e-04	0	0.5
CG18369	CG32082	2	6	0	0	0.5
bnl	CG32082	2	6	0	0	0.5
sec23	CG32082	2	6	0	0	0.5
Pde8	CG32082	2	6	4e-04	0	0.5
Arp66B	CG32082	2	6	0	0	0.5
cos	CG32082	2	6	0	0	0.5
Borr	CG32082	2	6	0	0	0.5
X140up	CG32082	2	6	0	0	0.5
Dhc64C	CG32082	2	6	0	0	0.5
Not1	CG32082	2	6	6e-04	0	0.5
CG9520	CG32082	2	6	3e-04	0	0.5
bib	CG32082	2	6	0	0	0.5
mib1	CG32082	2	6	1e-04	0	0.5
cas	CG32082	2	6	7e-04	0	0.5
Abi	CG32082	2	6	0	0	0.5
betaTub56D	CG32082	2	6	0	0	0.5
nej	CG32082	2	6	0	0	0.5
dlg1	CG32082	2	6	0	0	0.5
Lcp65Ag1	CG32082	2	6	0	0	0.5
Es2	CG32082	2	6	0	0	0.5
MED24	CG32082	2	6	3e-04	0	0.5
Vhl	CG32082	2	6	0.001	0	0.5
tral	CG32082	2	6	0	0	0.5
sns	CG32082	2	6	0	0	0.5
mbl	CG32082	2	6	2e-04	0	0.5
sav	CG32082	2	6	2e-04	0	0.5
lola	CG32082	2	6	0	0	0.5
robo	CG32082	2	6	7e-04	0	0.5
CG32486	CG32082	2	6	0	0	0.5
santa.maria	CG32082	2	6	2e-04	0	0.5
stumps	CG32082	2	6	0	0	0.5
abd.A	CG32082	2	6	0	0	0.5
dock	CG32082	2	6	0	0	0.5
Lar	CG32082	2	6	0	0	0.5
l.1.G0289	CG32082	2	6	1e-04	0	0.5
Abl	CG32082	2	6	1e-04	0	0.5
Syb	CG32082	2	6	0	0	0.5
dome	CG32082	2	6	0	0	0.5
ofs	CG32082	2	6	0	0	0.5
MED4	CG32082	2	6	0	0	0.5
scrib	CG32082	2	6	2e-04	0	0.5
siz	CG32082	2	6	6e-04	0	0.5
cbx	CG32082	2	6	6e-04	0	0.5
dsx	CG32082	2	6	2e-04	0	0.5
Sb	CG32082	2	6	5e-04	0	0.5
sax	CG32082	2	6	0	0	0.5
foxo	CG32082	2	6	8e-04	0	0.5
Cyp1	CG32082	2	6	0	0	0.5
brm	CG32082	2	6	0	0	0.5
rad50	CG32082	2	6	0.0013	0	0.5
chico	CG32082	2	6	0	0	0.5
cp309	CG32082	2	6	0	0	0.5
hdc	CG32082	2	6	2e-04	0	0.5
Axn	CG32082	2	6	0	0	0.5
Apc2	CG32082	2	6	0	0	0.5
PhKgamma	CG32082	2	6	0	0	0.5
eya	CG32082	2	6	0	0	0.5
sktl	CG32082	2	6	4e-04	0	0.5
sqd	CG32082	2	6	0	0	0.5
Akt1	CG32082	2	6	4e-04	0	0.5
scyl	CG32082	2	6	0	0	0.5
cnk	CG32082	2	6	0	0	0.5
CG8149	CG32082	2	6	2e-04	0	0.5
CG34379	CG32082	2	6	1e-04	0	0.5
Yp1	CG32082	2	6	0	0	0.5
yrt	CG32082	2	6	0	0	0.5
bap	CG32082	2	6	0	0	0.5
tud	CG32082	2	6	0.0012	0	0.5
ct	CG32082	2	6	0	0	0.5
tup	CG32082	2	6	0	0	0.5
G.ialpha65A	CG32082	2	6	0	0	0.5
knrl	CG32082	2	6	6e-04	0	0.5
Pkn	CG32082	2	6	3e-04	0	0.5
Sry.delta	CG32082	2	6	6e-04	0	0.5
Alh	CG32082	2	6	0	0	0.5
pnut	CG32082	2	6	0	0	0.5
phyl	CG32082	2	6	5e-04	0	0.5
CG17739	CG32082	2	6	0	0	0.5
B4	CG32082	2	6	0	0	0.5
CG2681	CG32082	2	6	0	0	0.5
tow	CG32082	2	6	4e-04	0	0.5
hkl	CG32082	2	6	1e-04	0	0.5
sina	CG32082	2	6	2e-04	0	0.5
ry	CG32082	2	6	0	0	0.5
rux	CG32082	2	6	0	0	0.5
boss	CG32082	2	6	0	0	0.5
Mkp3	CG32082	2	6	5e-04	0	0.5
inaC	CG32082	2	6	0	0	0.5
sno	CG32082	2	6	0	0	0.5
jagn	CG32082	2	6	2e-04	0	0.5
dpn	CG32082	2	6	2e-04	0	0.5
wrapper	CG32082	2	6	6e-04	0	0.5
Ca.alpha1D	CG32082	2	6	0	0	0.5
E2f	CG32082	2	6	5e-04	0	0.5
Dp	CG32082	2	6	9e-04	0	0.5
l.2.efl	CG32082	2	6	0	0	0.5
cnc	CG32082	2	6	7e-04	0	0.5
Atg5	CG32082	2	6	0	0	0.5
acj6	CG32082	2	6	0	0	0.5
Trl	CG32082	2	6	6e-04	0	0.5
d4	CG32082	2	6	0.0011	0	0.5
CG16719	CG32082	2	6	0	0	0.5
CadN	CG32082	2	6	0	0	0.5
gro	CG32082	2	6	0	0	0.5
sec13	CG32082	2	6	1e-04	0	0.5
klar	CG32082	2	6	2e-04	0	0.5
Rack1	CG32082	2	6	0	0	0.5
Sobp	CG32082	2	6	1e-04	0	0.5
ash1	CG32082	2	6	0	0	0.5
inv	CG32082	2	6	1e-04	0	0.5
shot	CG32082	2	6	0	0	0.5
Oseg1	CG32082	2	6	0	0	0.5
Spred	CG32082	2	6	3e-04	0	0.5
puc	CG32082	2	6	3e-04	0	0.5
Atg6	CG32082	2	6	0	0	0.5
CG3829	CG32082	2	6	0	0	0.5
sle	CG32082	2	6	1e-04	0	0.5
Cka	CG32082	2	6	1e-04	0	0.5
form3	CG32082	2	6	2e-04	0	0.5
Pk61C	CG32082	2	6	4e-04	0	0.5
Pcaf	CG32082	2	6	0	0	0.5
sbb	CG32082	2	6	1e-04	0	0.5
Ef1gamma	CG32082	2	6	2e-04	0	0.5
FKBP59	CG32082	2	6	5e-04	0	0.5
Eip71CD	CG32082	2	6	2e-04	0	0.5
xmas.2	CG32082	2	6	4e-04	0	0.5
ppan	CG32082	2	6	0	0	0.5
Iswi	CG32082	2	6	0	0	0.5
ine	CG32082	2	6	0	0	0.5
Tina.1	CG32082	2	6	1e-04	0	0.5
bon	CG32082	2	6	0	0	0.5
pot	CG32082	2	6	0	0	0.5
chic	CG32082	2	6	0	0	0.5
Hem	CG32082	2	6	0	0	0.5
chif	CG32082	2	6	2e-04	0	0.5
S6kII	CG32082	2	6	0	0	0.5
wal	CG32082	2	6	8e-04	0	0.5
wls	CG32082	2	6	5e-04	0	0.5
Ddx1	CG32082	2	6	0	0	0.5
Sulf1	CG32082	2	6	0	0	0.5
CG3987	CG32082	2	6	0	0	0.5
Abd.B	CG32082	2	6	0	0	0.5
Uba1	CG32082	2	6	1e-04	0	0.5
bigmax	CG32082	2	6	0	0	0.5
NAT1	CG32082	2	6	1	-0.99834	0.5
wupA	CG32082	2	6	0	0	0.5
Vps28	CG32082	2	6	0	0	0.5
G.oalpha47A	CG32082	2	6	1e-04	0	0.5
G.salpha60A	CG32082	2	6	0	0	0.5
dsf	CG32082	2	6	0	0	0.5
Khc	CG32082	2	6	7e-04	0	0.5
CG10641	CG32082	2	6	3e-04	0	0.5
Alk	CG32082	2	6	0	0	0.5
ey	CG32082	2	6	2e-04	0	0.5
noc	CG32082	2	6	0	0	0.5
ix	CG32082	2	6	0	0	0.5
Optix	CG32082	2	6	1e-04	0	0.5
sdt	CG32082	2	6	0	0	0.5
Sxl	CG32082	2	6	4e-04	0	0.5
rib	CG32082	2	6	3e-04	0	0.5
sas	CG32082	2	6	0.001	0	0.5
Scgdelta	CG32082	2	6	1e-04	0	0.5
sw	CG32082	2	6	1e-04	0	0.5
fal	CG32082	2	6	0	0	0.5
ea	CG32082	2	6	0	0	0.5
Ice	CG32082	2	6	4e-04	0	0.5
cic	CG32082	2	6	0	0	0.5
Dok	CG32082	2	6	0	0	0.5
rhea	CG32082	2	6	3e-04	0	0.5
Glycogenin	CG32082	2	6	1e-04	0	0.5
cin	CG32082	2	6	0	0	0.5
chp	CG32082	2	6	0	0	0.5
Dlic2	CG32082	2	6	0	0	0.5
Pk92B	CG32082	2	6	0	0	0.5
Pak	CG32082	2	6	0	0	0.5
Lim1	CG32082	2	6	0	0	0.5
CG34450	CG32082	2	6	0	0	0.5
Su.H.	CG32082	2	6	0	0	0.5
CG12301	CG32082	2	6	2e-04	0	0.5
lilli	CG32082	2	6	0	0	0.5
toe	CG32082	2	6	0	0	0.5
qkr58E.3	CG32082	2	6	5e-04	0	0.5
up	CG32082	2	6	0	0	0.5
hep	CG32082	2	6	0	0	0.5
Dap160	CG32082	2	6	6e-04	0	0.5
l.2.gd1	CG32082	2	6	0	0	0.5
hkb	CG32082	2	6	0	0	0.5
beta4GalNAcTA	CG32082	2	6	2e-04	0	0.5
Mer	CG32082	2	6	5e-04	0	0.5
Mtl	CG32082	2	6	0	0	0.5
spin	CG32082	2	6	9e-04	0	0.5
mfas	CG32082	2	6	4e-04	0	0.5
frc	CG32082	2	6	0	0	0.5
Krn	CG32082	2	6	0	0	0.5
mam	CG32082	2	6	0	0	0.5
brk	CG32082	2	6	0	0	0.5
Ark	CG32082	2	6	6e-04	0	0.5
mmy	CG32082	2	6	0	0	0.5
mri	CG32082	2	6	7e-04	0	0.5
Crk	CG32082	2	6	0	0	0.5
ssh	CG32082	2	6	8e-04	0	0.5
fs.1.K10	CG32082	2	6	5e-04	0	0.5
Psn	CG32082	2	6	1e-04	0	0.5
CG9509	CG32082	2	6	0	0	0.5
CkIIalpha	CG32082	2	6	1e-04	0	0.5
car	CG32082	2	6	0	0	0.5
capu	CG32082	2	6	0	0	0.5
cact	CG32082	2	6	0	0	0.5
Patj	CG32082	2	6	0	0	0.5
dpp	CG32082	2	6	5e-04	0	0.5
xl6	CG32082	2	6	0	0	0.5
dally	CG32082	2	6	6e-04	0	0.5
Pi3K92E	CG32082	2	6	0	0	0.5
E.bx.	CG32082	2	6	0	0	0.5
emb	CG32082	2	6	0	0	0.5
CtBP	CG32082	2	6	0	0	0.5
Dad	CG32082	2	6	0.0014	0	0.5
amx	CG32082	2	6	0	0	0.5
Ank2	CG32082	2	6	0	0	0.5
CG34417	CG32082	2	6	0	0	0.5
scra	CG32082	2	6	0	0	0.5
dsd	CG32082	2	6	1e-04	0	0.5
Ephrin	CG32082	2	6	0	0	0.5
Appl	CG32082	2	6	3e-04	0	0.5
sty	CG32082	2	6	7e-04	0	0.5
RhoL	CG32082	2	6	3e-04	0	0.5
twi	CG32082	2	6	0	0	0.5
tub	CG32082	2	6	0	0	0.5
ftz.f1	CG32082	2	6	0	0	0.5
wg	CG32082	2	6	0	0	0.5
LanB1	CG32082	2	6	0	0	0.5
LanA	CG32082	2	6	0	0	0.5
LanB2	CG32082	2	6	0	0	0.5
Chi	CG32082	2	6	0	0	0.5
nmo	CG32082	2	6	0	0	0.5
ics	CG32082	2	6	0	0	0.5
oaf	CG32082	2	6	2e-04	0	0.5
dco	CG32082	2	6	0	0	0.5
Dys	CG32082	2	6	0	0	0.5
drm	CG32082	2	6	0	0	0.5
RpL30	CG32082	2	6	0	0	0.5
how	CG32082	2	6	2e-04	0	0.5
dei	CG32082	2	6	0	0	0.5
CG1244	CG32082	2	6	0	0	0.5
Chc	CG32082	2	6	0.0012	0	0.5
Orct	CG32082	2	6	4e-04	0	0.5
sgl	CG32082	2	6	3e-04	0	0.5
CG17221	CG32082	2	6	0	0	0.5
gkt	CG32082	2	6	0	0	0.5
by	CG32082	2	6	0	0	0.5
Pka.C3	CG32082	2	6	0	0	0.5
vlc	CG32082	2	6	1e-04	0	0.5
fl.2.d	CG32082	2	6	2e-04	0	0.5
Nf1	CG32082	2	6	5e-04	0	0.5
CG6372	CG32082	2	6	0	0	0.5
Rho1	CG32082	2	6	3e-04	0	0.5
kuk	CG32082	2	6	0	0	0.5
l.2.gl	CG32082	2	6	0	0	0.5
Ald	CG32082	2	6	3e-04	0	0.5
jumu	CG32082	2	6	0	0	0.5
glu	CG32082	2	6	2e-04	0	0.5
fs.2.ltoPP43	CG32082	2	6	0	0	0.5
CycE	CG32082	2	6	1e-04	0	0.5
CG8247	CG32082	2	6	0.001	0	0.5
CSN4	CG32082	2	6	2e-04	0	0.5
X18w	CG32082	2	6	4e-04	0	0.5
bs	CG32082	2	6	0	0	0.5
Nrt	CG32082	2	6	0	0	0.5
mask	CG32082	2	6	0	0	0.5
gl	CG32082	2	6	0	0	0.5
Cp1	CG32082	2	6	0	0	0.5
ex	CG32082	2	6	0	0	0.5
jing	CG32082	2	6	0	0	0.5
shrb	CG32082	2	6	1e-04	0	0.5
raw	CG32082	2	6	0	0	0.5
CG9445	CG32082	2	6	0	0	0.5
gbb	CG32082	2	6	0	0	0.5
Hs2st	CG32082	2	6	0	0	0.5
sls	CG32082	2	6	0	0	0.5
kis	CG32082	2	6	5e-04	0	0.5
run	CG32082	2	6	0.001	0	0.5
pnr	CG32082	2	6	5e-04	0	0.5
pn	CG32082	2	6	0	0	0.5
pnt	CG32082	2	6	3e-04	0	0.5
Fmr1	CG32082	2	6	0	0	0.5
Myo31DF	CG32082	2	6	8e-04	0	0.5
ALiX	CG32082	2	6	0	0	0.5
sgg	CG32082	2	6	0	0	0.5
mbt	CG32082	2	6	0	0	0.5
Sin3A	CG32082	2	6	0	0	0.5
dnc	CG32082	2	6	0	0	0.5
morgue	CG32082	2	6	0	0	0.5
Set2	CG32082	2	6	3e-04	0	0.5
exu	CG32082	2	6	0	0	0.5
odd	CG32082	2	6	0	0	0.5
esc	CG32082	2	6	0	0	0.5
dah	CG32082	2	6	0	0	0.5
Taf4	CG32082	2	6	4e-04	0	0.5
Jafrac2	CG32082	2	6	1e-04	0	0.5
Fas3	CG32082	2	6	1e-04	0	0.5
wus	CG32082	2	6	0	0	0.5
Wnt5	CG32082	2	6	0	0	0.5
sprt	CG32082	2	6	0	0	0.5
jar	CG32082	2	6	4e-04	0	0.5
v	CG32082	2	6	2e-04	0	0.5
Snap	CG32082	2	6	8e-04	0	0.5
vap	CG32082	2	6	2e-04	0	0.5
Src42A	CG32082	2	6	9e-04	0	0.5
esg	CG32082	2	6	0	0	0.5
zfh1	CG32082	2	6	0	0	0.5
alien	CG32082	2	6	0	0	0.5
peb	CG32082	2	6	0	0	0.5
par.1	CG32082	2	6	3e-04	0	0.5
hyd	CG32082	2	6	0.0012	0	0.5
trc	CG32082	2	6	0.0013	0	0.5
Eip63E	CG32082	2	6	0	0	0.5
ird5	CG32082	2	6	3e-04	0	0.5
bl	CG32082	2	6	0	0	0.5
Syx1A	CG32082	2	6	0	0	0.5
drl	CG32082	2	6	0	0	0.5
rg	CG32082	2	6	2e-04	0	0.5
apt	CG32082	2	6	4e-04	0	0.5
svr	CG32082	2	6	0	0	0.5
sar1	CG32082	2	6	0	0	0.5
Tab2	CG32082	2	6	0	0	0.5
zfh2	CG32082	2	6	0	0	0.5
dj	CG32082	2	6	7e-04	0	0.5
tum	CG32082	2	6	9e-04	0	0.5
yellow.f	CG32082	2	6	0	0	0.5
p53	CG32082	2	6	6e-04	0	0.5
ImpE3	CG32082	2	6	0	0	0.5
cbt	CG32082	2	6	0	0	0.5
dl	CG32082	2	6	0	0	0.5
Dl	CG32082	2	6	0	0	0.5
Sur	CG32082	2	6	0	0	0.5
Rpd3	CG32082	2	6	0	0	0.5
CG4945	CG32082	2	6	0	0	0.5
eve	CG32082	2	6	0	0	0.5
Stat92E	CG32082	2	6	0	0	0.5
ken	CG32082	2	6	1e-04	0	0.5
dpld	CG32082	2	6	1e-04	0	0.5
CG1942	CG32082	2	6	0	0	0.5
Dcp.1	CG32082	2	6	4e-04	0	0.5
Tak1	CG32082	2	6	0	0	0.5
cg	CG32082	2	6	1e-04	0	0.5
fw	CG32082	2	6	0	0	0.5
tutl	CG32082	2	6	1e-04	0	0.5
bhr	CG32082	2	6	0	0	0.5
ash2	CG32082	2	6	0	0	0.5
mth	CG32082	2	6	0	0	0.5
numb	CG32082	2	6	1e-04	0	0.5
X14.3.3zeta	CG32082	2	6	0	0	0.5
Lis.1	CG32082	2	6	0	0	0.5
alpha.Spec	CG32082	2	6	0	0	0.5
twf	CG32082	2	6	0	0	0.5
Bap60	CG32082	2	6	2e-04	0	0.5
drk	CG32082	2	6	1e-04	0	0.5
Nrx.IV	CG32082	2	6	0	0	0.5
trn	CG32082	2	6	0	0	0.5
chn	CG32082	2	6	2e-04	0	0.5
RhoGAP68F	CG32082	2	6	9e-04	0	0.5
CycA	CG32082	2	6	0	0	0.5
LIMK1	CG32082	2	6	1e-04	0	0.5
Rca1	CG32082	2	6	1e-04	0	0.5
pelo	CG32082	2	6	0	0	0.5
CG32082	CG32082	2	6	7e-04	0	0.5
pyd	CG32082	2	6	0	0	0.5
Mlc1	CG32082	2	6	5e-04	0	0.5
meso18E	CG32082	2	6	0	0	0.5
rdx	CG32082	2	6	0	0	0.5
t	CG32082	2	6	0	0	0.5
alph	CG32082	2	6	0	0	0.5
elav	CG32082	2	6	0	0	0.5
shg	CG32082	2	6	0	0	0.5
shn	CG32082	2	6	0	0	0.5
th	CG32082	2	6	1e-04	0	0.5
lmd	CG32082	2	6	7e-04	0	0.5
enok	CG32082	2	6	0	0	0.5
loco	CG32082	2	6	1	0.99832	0.5
disco	CG32082	2	6	0	0	0.5
Gtp.bp	CG32082	2	6	2e-04	0	0.5
crol	CG32082	2	6	0	0	0.5
Sema.1b	CG32082	2	6	0	0	0.5
dom	CG32082	2	6	1e-04	0	0.5
Aph.4	CG32082	2	6	2e-04	0	0.5
Hr78	CG32082	2	6	0	0	0.5
kuz	CG32082	2	6	0	0	0.5
mbo	CG32082	2	6	0	0	0.5
par.6	CG32082	2	6	0	0	0.5
ast	CG32082	2	6	0	0	0.5
CG9769	CG32082	2	6	0	0	0.5
Rbp9	CG32082	2	6	0	0	0.5
hyx	CG32082	2	6	0	0	0.5
sced	CG32082	2	6	0	0	0.5
ninaE	CG32082	2	6	0	0	0.5
Dscam	CG32082	2	6	1e-04	0	0.5
Eip63F.1	CG32082	2	6	0	0	0.5
lic	CG32082	2	6	5e-04	0	0.5
Idgf5	CG32082	2	6	0	0	0.5
Idgf4	CG32082	2	6	1e-04	0	0.5
Mbs	CG32082	2	6	7e-04	0	0.5
opa	CG32082	2	6	7e-04	0	0.5
lwr	CG32082	2	6	0	0	0.5
wee	CG32082	2	6	0	0	0.5
Cks30A	CG32082	2	6	7e-04	0	0.5
fax	CG32082	2	6	0	0	0.5
bun	CG32082	2	6	0	0	0.5
bnb	CG32082	2	6	0	0	0.5
Apc	CG32082	2	6	1e-04	0	0.5
ytr	CG32082	2	6	0.001	0	0.5
blow	CG32082	2	6	2e-04	0	0.5
Hph	CG32082	2	6	0.002	0	0.5
fs.1.M3	CG32082	2	6	5e-04	0	0.5
chinmo	CG32082	2	6	0	0	0.5
CG13850	CG32082	2	6	0	0	0.5
E2f2	CG32082	2	6	2e-04	0	0.5
eIF.4a	CG32082	2	6	0	0	0.5
stil	CG32082	2	6	0	0	0.5
Sh	CG32082	2	6	0	0	0.5
l.3.mbt	CG32082	2	6	0	0	0.5
osa	CG32082	2	6	0	0	0.5
Cip4	CG32082	2	6	0	0	0.5
kkv	CG32082	2	6	0	0	0.5
pcm	CG32082	2	6	0	0	0.5
Hr46	CG32082	2	6	5e-04	0	0.5
dib	CG32082	2	6	0	0	0.5
Idgf1	CG32082	2	6	0	0	0.5
SelD	CG32082	2	6	0	0	0.5
eff	CG32082	2	6	0	0	0.5
glec	CG32082	2	6	5e-04	0	0.5
E.z.	CG32082	2	6	0	0	0.5
Pink1	CG32082	2	6	0	0	0.5
caup	CG32082	2	6	1e-04	0	0.5
pav	CG32082	2	6	0	0	0.5
PebIII	CG32082	2	6	3e-04	0	0.5
flw	CG32082	2	6	6e-04	0	0.5
aft	CG32082	2	6	0	0	0.5
fog	CG32082	2	6	5e-04	0	0.5
ksr	CG32082	2	6	0	0	0.5
Caf1	CG32082	2	6	1e-04	0	0.5
grp	CG32082	2	6	0	0	0.5
Ggamma1	CG32082	2	6	0	0	0.5
cort	CG32082	2	6	1e-04	0	0.5
brat	CG32082	2	6	0	0	0.5
NetB	CG32082	2	6	7e-04	0	0.5
Arc.p34	CG32082	2	6	0.0014	0	0.5
fru	CG32082	2	6	5e-04	0	0.5
CG12896	CG32082	2	6	2e-04	0	0.5
Rheb	CG32082	2	6	6e-04	0	0.5
bt	CG32082	2	6	1e-04	0	0.5
dmt	CG32082	2	6	0	0	0.5
CG14995	CG32082	2	6	0	0	0.5
tou	CG32082	2	6	3e-04	0	0.5
Mhc	CG32082	2	6	2e-04	0	0.5
Msp.300	CG32082	2	6	0.0013	0	0.5
Pgant35A	CG32082	2	6	1e-04	0	0.5
Pen	CG32082	2	6	0	0	0.5
tld	CG32082	2	6	2e-04	0	0.5
Tl	CG32082	2	6	0	0	0.5
tkv	CG32082	2	6	0	0	0.5
CG4500	CG32082	2	6	0	0	0.5
CG8216	CG32082	2	6	0	0	0.5
snf	CG32082	2	6	3e-04	0	0.5
CG9104	CG32082	2	6	0	0	0.5
sn	CG32082	2	6	3e-04	0	0.5
cta	CG32082	2	6	1e-04	0	0.5
eIF.4E	CG32082	2	6	0	0	0.5
ecd	CG32082	2	6	0	0	0.5
EcR	CG32082	2	6	1e-04	0	0.5
LCBP1	CG32082	2	6	0	0	0.5
Antp	CG32082	2	6	0.0011	0	0.5
Myo61F	CG32082	2	6	0	0	0.5
Moe	CG32082	2	6	0	0	0.5
Traf6	CG32082	2	6	0	0	0.5
ap	CG32082	2	6	0	0	0.5
msi	CG32082	2	6	2e-04	0	0.5
Pop2	CG32082	2	6	0	0	0.5
baz	CG32082	2	6	0	0	0.5
bcd	CG32082	2	6	0	0	0.5
Atpalpha	CG32082	2	6	0	0	0.5
pdm2	CG32082	2	6	6e-04	0	0.5
tin	CG32082	2	6	6e-04	0	0.5
Idgf2	CG32082	2	6	2e-04	0	0.5
slam	CG32082	2	6	0	0	0.5
trio	CG32082	2	6	0	0	0.5
qm	CG32082	2	6	0	0	0.5
uzip	CG32082	2	6	3e-04	0	0.5
N	CG32082	2	6	8e-04	0	0.5
CG17470	CG32082	2	6	0	0	0.5
SelG	CG32082	2	6	6e-04	0	0.5
Cct1	CG32082	2	6	1e-04	0	0.5
Atx2	CG32082	2	6	0	0	0.5
her	CG32082	2	6	3e-04	0	0.5
pio	CG32082	2	6	0	0	0.5
chrw	CG32082	2	6	3e-04	0	0.5
prod	CG32082	2	6	0.001	0	0.5
prd	CG32082	2	6	6e-04	0	0.5
Prm	CG32082	2	6	3e-04	0	0.5
thr	CG32082	2	6	0	0	0.5
stg	CG32082	2	6	0	0	0.5
l.2.37Cc	CG32082	2	6	0	0	0.5
Mef2	CG32082	2	6	1e-04	0	0.5
sli	CG32082	2	6	0	0	0.5
dec.1	CG32082	2	6	3e-04	0	0.5
dos	CG32082	2	6	2e-04	0	0.5
Dif	CG32082	2	6	0.0013	0	0.5
Hs6st	CG32082	2	6	0	0	0.5
asf1	CG32082	2	6	6e-04	0	0.5
Mitf	CG32082	2	6	4e-04	0	0.5
Pvf1	CG32082	2	6	4e-04	0	0.5
Dredd	CG32082	2	6	0	0	0.5
poe	CG32082	2	6	2e-04	0	0.5
