Parent	Target	CPstart	CPend	PostProb	CoeffMean	edgesThreshold
Su.z.12	CG6416	2	6	0.0127	0	0.5
emp	CG6416	2	6	0.001	0	0.5
CG2678	CG6416	2	6	0	0	0.5
crc	CG6416	2	6	7e-04	0	0.5
pros	CG6416	2	6	0.0011	0	0.5
neur	CG6416	2	6	0.0018	0	0.5
Rab5	CG6416	2	6	4e-04	0	0.5
Rab7	CG6416	2	6	0	0	0.5
Mmp2	CG6416	2	6	0	0	0.5
W	CG6416	2	6	2e-04	0	0.5
bowl	CG6416	2	6	6e-04	0	0.5
fd59A	CG6416	2	6	3e-04	0	0.5
e	CG6416	2	6	1e-04	0	0.5
ben	CG6416	2	6	6e-04	0	0.5
rdo	CG6416	2	6	6e-04	0	0.5
lin	CG6416	2	6	1e-04	0	0.5
tra	CG6416	2	6	0.0081	0	0.5
tra2	CG6416	2	6	0.0011	0	0.5
cathD	CG6416	2	6	0.0011	0	0.5
d	CG6416	2	6	0.0016	0	0.5
lva	CG6416	2	6	1e-04	0	0.5
pbl	CG6416	2	6	0.002	0	0.5
CG33205	CG6416	2	6	0.0152	0	0.5
da	CG6416	2	6	0	0	0.5
cactin	CG6416	2	6	0	0	0.5
hpo	CG6416	2	6	2e-04	0	0.5
Sema.2a	CG6416	2	6	4e-04	0	0.5
Eip74EF	CG6416	2	6	3e-04	0	0.5
eg	CG6416	2	6	1e-04	0	0.5
Arc42	CG6416	2	6	2e-04	0	0.5
toy	CG6416	2	6	0	0	0.5
Galpha73B	CG6416	2	6	0.0012	0	0.5
RhoGAPp190	CG6416	2	6	0	0	0.5
MED11	CG6416	2	6	0	0	0.5
cher	CG6416	2	6	0.002	0	0.5
BicD	CG6416	2	6	0	0	0.5
MYPT.75D	CG6416	2	6	7e-04	0	0.5
mus304	CG6416	2	6	0.0011	0	0.5
CdsA	CG6416	2	6	7e-04	0	0.5
btl	CG6416	2	6	0	0	0.5
Cyt.c.d	CG6416	2	6	3e-04	0	0.5
tok	CG6416	2	6	0.0043	0	0.5
ttk	CG6416	2	6	3e-04	0	0.5
tamo	CG6416	2	6	0	0	0.5
CG6416	CG6416	2	6	1e-04	0	0.5
flfl	CG6416	2	6	0.0043	0	0.5
Pvr	CG6416	2	6	0	0	0.5
kay	CG6416	2	6	7e-04	0	0.5
Jra	CG6416	2	6	7e-04	0	0.5
msk	CG6416	2	6	5e-04	0	0.5
tll	CG6416	2	6	0.003	0	0.5
Tm1	CG6416	2	6	0	0	0.5
srp	CG6416	2	6	0.0012	0	0.5
Btk29A	CG6416	2	6	0.001	0	0.5
fred	CG6416	2	6	0.0015	0	0.5
Src64B	CG6416	2	6	1e-04	0	0.5
Mmp1	CG6416	2	6	4e-04	0	0.5
sll	CG6416	2	6	0.0013	0	0.5
Hmgs	CG6416	2	6	8e-04	0	0.5
caps	CG6416	2	6	0	0	0.5
Su.var.2.10	CG6416	2	6	0.002	0	0.5
CycB	CG6416	2	6	9e-04	0	0.5
spir	CG6416	2	6	3e-04	0	0.5
spn.A	CG6416	2	6	0.0023	0	0.5
Ptpmeg	CG6416	2	6	0.0075	0	0.5
qua	CG6416	2	6	1e-04	0	0.5
msn	CG6416	2	6	1e-04	0	0.5
ena	CG6416	2	6	0.0016	0	0.5
spen	CG6416	2	6	3e-04	0	0.5
emc	CG6416	2	6	1e-04	0	0.5
tsh	CG6416	2	6	6e-04	0	0.5
Dat	CG6416	2	6	0.0062	0	0.5
Lac	CG6416	2	6	1e-04	0	0.5
dup	CG6416	2	6	8e-04	0	0.5
CG3075	CG6416	2	6	0.0017	0	0.5
Akap200	CG6416	2	6	0	0	0.5
CG18369	CG6416	2	6	0.0024	0	0.5
bnl	CG6416	2	6	0	0	0.5
sec23	CG6416	2	6	0.0018	0	0.5
Pde8	CG6416	2	6	7e-04	0	0.5
Arp66B	CG6416	2	6	6e-04	0	0.5
cos	CG6416	2	6	2e-04	0	0.5
Borr	CG6416	2	6	7e-04	0	0.5
X140up	CG6416	2	6	0	0	0.5
Dhc64C	CG6416	2	6	1e-04	0	0.5
Not1	CG6416	2	6	0.0572	0	0.5
CG9520	CG6416	2	6	0.0016	0	0.5
bib	CG6416	2	6	4e-04	0	0.5
mib1	CG6416	2	6	7e-04	0	0.5
cas	CG6416	2	6	0	0	0.5
Abi	CG6416	2	6	6e-04	0	0.5
betaTub56D	CG6416	2	6	1e-04	0	0.5
nej	CG6416	2	6	0	0	0.5
dlg1	CG6416	2	6	3e-04	0	0.5
Lcp65Ag1	CG6416	2	6	1e-04	0	0.5
Es2	CG6416	2	6	0	0	0.5
MED24	CG6416	2	6	0.0015	0	0.5
Vhl	CG6416	2	6	3e-04	0	0.5
tral	CG6416	2	6	0.0023	0	0.5
sns	CG6416	2	6	0	0	0.5
mbl	CG6416	2	6	1e-04	0	0.5
sav	CG6416	2	6	0.0013	0	0.5
lola	CG6416	2	6	0	0	0.5
robo	CG6416	2	6	1e-04	0	0.5
CG32486	CG6416	2	6	4e-04	0	0.5
santa.maria	CG6416	2	6	1e-04	0	0.5
stumps	CG6416	2	6	1e-04	0	0.5
abd.A	CG6416	2	6	0	0	0.5
dock	CG6416	2	6	2e-04	0	0.5
Lar	CG6416	2	6	0	0	0.5
l.1.G0289	CG6416	2	6	0.0011	0	0.5
Abl	CG6416	2	6	0	0	0.5
Syb	CG6416	2	6	2e-04	0	0.5
dome	CG6416	2	6	0.0049	0	0.5
ofs	CG6416	2	6	0	0	0.5
MED4	CG6416	2	6	0	0	0.5
scrib	CG6416	2	6	1e-04	0	0.5
siz	CG6416	2	6	4e-04	0	0.5
cbx	CG6416	2	6	7e-04	0	0.5
dsx	CG6416	2	6	0	0	0.5
Sb	CG6416	2	6	0.0017	0	0.5
sax	CG6416	2	6	3e-04	0	0.5
foxo	CG6416	2	6	0	0	0.5
Cyp1	CG6416	2	6	3e-04	0	0.5
brm	CG6416	2	6	7e-04	0	0.5
rad50	CG6416	2	6	0.0027	0	0.5
chico	CG6416	2	6	0.0013	0	0.5
cp309	CG6416	2	6	0	0	0.5
hdc	CG6416	2	6	0.0017	0	0.5
Axn	CG6416	2	6	0.0095	0	0.5
Apc2	CG6416	2	6	8e-04	0	0.5
PhKgamma	CG6416	2	6	1e-04	0	0.5
eya	CG6416	2	6	7e-04	0	0.5
sktl	CG6416	2	6	0.0019	0	0.5
sqd	CG6416	2	6	0.0084	0	0.5
Akt1	CG6416	2	6	0.0013	0	0.5
scyl	CG6416	2	6	1e-04	0	0.5
cnk	CG6416	2	6	0.0069	0	0.5
CG8149	CG6416	2	6	4e-04	0	0.5
CG34379	CG6416	2	6	0	0	0.5
Yp1	CG6416	2	6	9e-04	0	0.5
yrt	CG6416	2	6	0.001	0	0.5
bap	CG6416	2	6	0	0	0.5
tud	CG6416	2	6	8e-04	0	0.5
ct	CG6416	2	6	0.0174	0	0.5
tup	CG6416	2	6	0.001	0	0.5
G.ialpha65A	CG6416	2	6	3e-04	0	0.5
knrl	CG6416	2	6	3e-04	0	0.5
Pkn	CG6416	2	6	0	0	0.5
Sry.delta	CG6416	2	6	2e-04	0	0.5
Alh	CG6416	2	6	0.0019	0	0.5
pnut	CG6416	2	6	0.001	0	0.5
phyl	CG6416	2	6	3e-04	0	0.5
CG17739	CG6416	2	6	0.0047	0	0.5
B4	CG6416	2	6	3e-04	0	0.5
CG2681	CG6416	2	6	1e-04	0	0.5
tow	CG6416	2	6	0	0	0.5
hkl	CG6416	2	6	6e-04	0	0.5
sina	CG6416	2	6	0.0011	0	0.5
ry	CG6416	2	6	9e-04	0	0.5
rux	CG6416	2	6	0.0022	0	0.5
boss	CG6416	2	6	1e-04	0	0.5
Mkp3	CG6416	2	6	0.0011	0	0.5
inaC	CG6416	2	6	0	0	0.5
sno	CG6416	2	6	2e-04	0	0.5
jagn	CG6416	2	6	0.0016	0	0.5
dpn	CG6416	2	6	0.0014	0	0.5
wrapper	CG6416	2	6	0.0017	0	0.5
Ca.alpha1D	CG6416	2	6	0.0023	0	0.5
E2f	CG6416	2	6	4e-04	0	0.5
Dp	CG6416	2	6	9e-04	0	0.5
l.2.efl	CG6416	2	6	0.0017	0	0.5
cnc	CG6416	2	6	1e-04	0	0.5
Atg5	CG6416	2	6	0.001	0	0.5
acj6	CG6416	2	6	6e-04	0	0.5
Trl	CG6416	2	6	0	0	0.5
d4	CG6416	2	6	0.0013	0	0.5
CG16719	CG6416	2	6	2e-04	0	0.5
CadN	CG6416	2	6	0	0	0.5
gro	CG6416	2	6	7e-04	0	0.5
sec13	CG6416	2	6	1e-04	0	0.5
klar	CG6416	2	6	3e-04	0	0.5
Rack1	CG6416	2	6	1e-04	0	0.5
Sobp	CG6416	2	6	0	0	0.5
ash1	CG6416	2	6	0.0011	0	0.5
inv	CG6416	2	6	0	0	0.5
shot	CG6416	2	6	0.0018	0	0.5
Oseg1	CG6416	2	6	6e-04	0	0.5
Spred	CG6416	2	6	5e-04	0	0.5
puc	CG6416	2	6	0.0015	0	0.5
Atg6	CG6416	2	6	4e-04	0	0.5
CG3829	CG6416	2	6	0	0	0.5
sle	CG6416	2	6	0	0	0.5
Cka	CG6416	2	6	4e-04	0	0.5
form3	CG6416	2	6	5e-04	0	0.5
Pk61C	CG6416	2	6	0.0013	0	0.5
Pcaf	CG6416	2	6	4e-04	0	0.5
sbb	CG6416	2	6	9e-04	0	0.5
Ef1gamma	CG6416	2	6	0	0	0.5
FKBP59	CG6416	2	6	0.002	0	0.5
Eip71CD	CG6416	2	6	2e-04	0	0.5
xmas.2	CG6416	2	6	7e-04	0	0.5
ppan	CG6416	2	6	0.0022	0	0.5
Iswi	CG6416	2	6	0.0013	0	0.5
ine	CG6416	2	6	0	0	0.5
Tina.1	CG6416	2	6	2e-04	0	0.5
bon	CG6416	2	6	0.0031	0	0.5
pot	CG6416	2	6	1e-04	0	0.5
chic	CG6416	2	6	2e-04	0	0.5
Hem	CG6416	2	6	2e-04	0	0.5
chif	CG6416	2	6	2e-04	0	0.5
S6kII	CG6416	2	6	9e-04	0	0.5
wal	CG6416	2	6	9e-04	0	0.5
wls	CG6416	2	6	0.2162	0	0.5
Ddx1	CG6416	2	6	0.0013	0	0.5
Sulf1	CG6416	2	6	0.0011	0	0.5
CG3987	CG6416	2	6	4e-04	0	0.5
Abd.B	CG6416	2	6	0.0013	0	0.5
Uba1	CG6416	2	6	0	0	0.5
bigmax	CG6416	2	6	9e-04	0	0.5
NAT1	CG6416	2	6	0.0017	0	0.5
wupA	CG6416	2	6	1e-04	0	0.5
Vps28	CG6416	2	6	0.0014	0	0.5
G.oalpha47A	CG6416	2	6	3e-04	0	0.5
G.salpha60A	CG6416	2	6	6e-04	0	0.5
dsf	CG6416	2	6	2e-04	0	0.5
Khc	CG6416	2	6	0.0013	0	0.5
CG10641	CG6416	2	6	0	0	0.5
Alk	CG6416	2	6	2e-04	0	0.5
ey	CG6416	2	6	0	0	0.5
noc	CG6416	2	6	0.0014	0	0.5
ix	CG6416	2	6	0.0022	0	0.5
Optix	CG6416	2	6	6e-04	0	0.5
sdt	CG6416	2	6	0.002	0	0.5
Sxl	CG6416	2	6	0	0	0.5
rib	CG6416	2	6	0	0	0.5
sas	CG6416	2	6	3e-04	0	0.5
Scgdelta	CG6416	2	6	0	0	0.5
sw	CG6416	2	6	4e-04	0	0.5
fal	CG6416	2	6	4e-04	0	0.5
ea	CG6416	2	6	1e-04	0	0.5
Ice	CG6416	2	6	0.0037	0	0.5
cic	CG6416	2	6	0.0014	0	0.5
Dok	CG6416	2	6	2e-04	0	0.5
rhea	CG6416	2	6	0.0011	0	0.5
Glycogenin	CG6416	2	6	1e-04	0	0.5
cin	CG6416	2	6	3e-04	0	0.5
chp	CG6416	2	6	3e-04	0	0.5
Dlic2	CG6416	2	6	0.0013	0	0.5
Pk92B	CG6416	2	6	0.0013	0	0.5
Pak	CG6416	2	6	9e-04	0	0.5
Lim1	CG6416	2	6	7e-04	0	0.5
CG34450	CG6416	2	6	0.0016	0	0.5
Su.H.	CG6416	2	6	3e-04	0	0.5
CG12301	CG6416	2	6	0	0	0.5
lilli	CG6416	2	6	1e-04	0	0.5
toe	CG6416	2	6	6e-04	0	0.5
qkr58E.3	CG6416	2	6	6e-04	0	0.5
up	CG6416	2	6	0.003	0	0.5
hep	CG6416	2	6	0.0012	0	0.5
Dap160	CG6416	2	6	7e-04	0	0.5
l.2.gd1	CG6416	2	6	0.0039	0	0.5
hkb	CG6416	2	6	9e-04	0	0.5
beta4GalNAcTA	CG6416	2	6	7e-04	0	0.5
Mer	CG6416	2	6	0.003	0	0.5
Mtl	CG6416	2	6	4e-04	0	0.5
spin	CG6416	2	6	0	0	0.5
mfas	CG6416	2	6	5e-04	0	0.5
frc	CG6416	2	6	1e-04	0	0.5
Krn	CG6416	2	6	6e-04	0	0.5
mam	CG6416	2	6	0	0	0.5
brk	CG6416	2	6	0.0011	0	0.5
Ark	CG6416	2	6	3e-04	0	0.5
mmy	CG6416	2	6	8e-04	0	0.5
mri	CG6416	2	6	0	0	0.5
Crk	CG6416	2	6	0.0016	0	0.5
ssh	CG6416	2	6	0.1497	0	0.5
fs.1.K10	CG6416	2	6	0.0021	0	0.5
Psn	CG6416	2	6	2e-04	0	0.5
CG9509	CG6416	2	6	0.0017	0	0.5
CkIIalpha	CG6416	2	6	4e-04	0	0.5
car	CG6416	2	6	0.0028	0	0.5
capu	CG6416	2	6	0.0016	0	0.5
cact	CG6416	2	6	4e-04	0	0.5
Patj	CG6416	2	6	1e-04	0	0.5
dpp	CG6416	2	6	4e-04	0	0.5
xl6	CG6416	2	6	0.0011	0	0.5
dally	CG6416	2	6	7e-04	0	0.5
Pi3K92E	CG6416	2	6	8e-04	0	0.5
E.bx.	CG6416	2	6	9e-04	0	0.5
emb	CG6416	2	6	1e-04	0	0.5
CtBP	CG6416	2	6	3e-04	0	0.5
Dad	CG6416	2	6	3e-04	0	0.5
amx	CG6416	2	6	0	0	0.5
Ank2	CG6416	2	6	4e-04	0	0.5
CG34417	CG6416	2	6	0.001	0	0.5
scra	CG6416	2	6	0.0017	0	0.5
dsd	CG6416	2	6	0.0023	0	0.5
Ephrin	CG6416	2	6	1e-04	0	0.5
Appl	CG6416	2	6	9e-04	0	0.5
sty	CG6416	2	6	0	0	0.5
RhoL	CG6416	2	6	7e-04	0	0.5
twi	CG6416	2	6	0	0	0.5
tub	CG6416	2	6	6e-04	0	0.5
ftz.f1	CG6416	2	6	7e-04	0	0.5
wg	CG6416	2	6	2e-04	0	0.5
LanB1	CG6416	2	6	0	0	0.5
LanA	CG6416	2	6	6e-04	0	0.5
LanB2	CG6416	2	6	0.0016	0	0.5
Chi	CG6416	2	6	3e-04	0	0.5
nmo	CG6416	2	6	7e-04	0	0.5
ics	CG6416	2	6	0.001	0	0.5
oaf	CG6416	2	6	6e-04	0	0.5
dco	CG6416	2	6	6e-04	0	0.5
Dys	CG6416	2	6	2e-04	0	0.5
drm	CG6416	2	6	0.0044	0	0.5
RpL30	CG6416	2	6	0	0	0.5
how	CG6416	2	6	0.0016	0	0.5
dei	CG6416	2	6	8e-04	0	0.5
CG1244	CG6416	2	6	0.0073	0	0.5
Chc	CG6416	2	6	0.0011	0	0.5
Orct	CG6416	2	6	0.0013	0	0.5
sgl	CG6416	2	6	0	0	0.5
CG17221	CG6416	2	6	7e-04	0	0.5
gkt	CG6416	2	6	1e-04	0	0.5
by	CG6416	2	6	4e-04	0	0.5
Pka.C3	CG6416	2	6	0.001	0	0.5
vlc	CG6416	2	6	6e-04	0	0.5
fl.2.d	CG6416	2	6	3e-04	0	0.5
Nf1	CG6416	2	6	6e-04	0	0.5
CG6372	CG6416	2	6	3e-04	0	0.5
Rho1	CG6416	2	6	8e-04	0	0.5
kuk	CG6416	2	6	4e-04	0	0.5
l.2.gl	CG6416	2	6	0.0022	0	0.5
Ald	CG6416	2	6	0	0	0.5
jumu	CG6416	2	6	0.0037	0	0.5
glu	CG6416	2	6	0.0043	0	0.5
fs.2.ltoPP43	CG6416	2	6	0.0012	0	0.5
CycE	CG6416	2	6	0.0029	0	0.5
CG8247	CG6416	2	6	0	0	0.5
CSN4	CG6416	2	6	0.0029	0	0.5
X18w	CG6416	2	6	0.0012	0	0.5
bs	CG6416	2	6	0	0	0.5
Nrt	CG6416	2	6	0	0	0.5
mask	CG6416	2	6	0.001	0	0.5
gl	CG6416	2	6	4e-04	0	0.5
Cp1	CG6416	2	6	7e-04	0	0.5
ex	CG6416	2	6	4e-04	0	0.5
jing	CG6416	2	6	6e-04	0	0.5
shrb	CG6416	2	6	3e-04	0	0.5
raw	CG6416	2	6	2e-04	0	0.5
CG9445	CG6416	2	6	0.0021	0	0.5
gbb	CG6416	2	6	0.0074	0	0.5
Hs2st	CG6416	2	6	0.0012	0	0.5
sls	CG6416	2	6	0.0053	0	0.5
kis	CG6416	2	6	0.0236	0	0.5
run	CG6416	2	6	0	0	0.5
pnr	CG6416	2	6	5e-04	0	0.5
pn	CG6416	2	6	2e-04	0	0.5
pnt	CG6416	2	6	0.0014	0	0.5
Fmr1	CG6416	2	6	0.0011	0	0.5
Myo31DF	CG6416	2	6	7e-04	0	0.5
ALiX	CG6416	2	6	6e-04	0	0.5
sgg	CG6416	2	6	0	0	0.5
mbt	CG6416	2	6	0	0	0.5
Sin3A	CG6416	2	6	8e-04	0	0.5
dnc	CG6416	2	6	2e-04	0	0.5
morgue	CG6416	2	6	0	0	0.5
Set2	CG6416	2	6	0	0	0.5
exu	CG6416	2	6	4e-04	0	0.5
odd	CG6416	2	6	3e-04	0	0.5
esc	CG6416	2	6	0.0027	0	0.5
dah	CG6416	2	6	0	0	0.5
Taf4	CG6416	2	6	0.1315	0	0.5
Jafrac2	CG6416	2	6	0.0011	0	0.5
Fas3	CG6416	2	6	0	0	0.5
wus	CG6416	2	6	7e-04	0	0.5
Wnt5	CG6416	2	6	5e-04	0	0.5
sprt	CG6416	2	6	0.001	0	0.5
jar	CG6416	2	6	7e-04	0	0.5
v	CG6416	2	6	0.0036	0	0.5
Snap	CG6416	2	6	0	0	0.5
vap	CG6416	2	6	0.0026	0	0.5
Src42A	CG6416	2	6	0	0	0.5
esg	CG6416	2	6	0.0011	0	0.5
zfh1	CG6416	2	6	0.0017	0	0.5
alien	CG6416	2	6	6e-04	0	0.5
peb	CG6416	2	6	8e-04	0	0.5
par.1	CG6416	2	6	0.0015	0	0.5
hyd	CG6416	2	6	1e-04	0	0.5
trc	CG6416	2	6	3e-04	0	0.5
Eip63E	CG6416	2	6	0.0011	0	0.5
ird5	CG6416	2	6	6e-04	0	0.5
bl	CG6416	2	6	0.0017	0	0.5
Syx1A	CG6416	2	6	3e-04	0	0.5
drl	CG6416	2	6	0	0	0.5
rg	CG6416	2	6	0	0	0.5
apt	CG6416	2	6	0.002	0	0.5
svr	CG6416	2	6	0.0011	0	0.5
sar1	CG6416	2	6	0.001	0	0.5
Tab2	CG6416	2	6	2e-04	0	0.5
zfh2	CG6416	2	6	5e-04	0	0.5
dj	CG6416	2	6	0	0	0.5
tum	CG6416	2	6	0.0017	0	0.5
yellow.f	CG6416	2	6	4e-04	0	0.5
p53	CG6416	2	6	7e-04	0	0.5
ImpE3	CG6416	2	6	0	0	0.5
cbt	CG6416	2	6	0	0	0.5
dl	CG6416	2	6	0.0073	0	0.5
Dl	CG6416	2	6	8e-04	0	0.5
Sur	CG6416	2	6	0	0	0.5
Rpd3	CG6416	2	6	0	0	0.5
CG4945	CG6416	2	6	0.0017	0	0.5
eve	CG6416	2	6	3e-04	0	0.5
Stat92E	CG6416	2	6	0.0016	0	0.5
ken	CG6416	2	6	0	0	0.5
dpld	CG6416	2	6	0.0022	0	0.5
CG1942	CG6416	2	6	0.001	0	0.5
Dcp.1	CG6416	2	6	0.0014	0	0.5
Tak1	CG6416	2	6	0	0	0.5
cg	CG6416	2	6	6e-04	0	0.5
fw	CG6416	2	6	3e-04	0	0.5
tutl	CG6416	2	6	2e-04	0	0.5
bhr	CG6416	2	6	0.0119	0	0.5
ash2	CG6416	2	6	9e-04	0	0.5
mth	CG6416	2	6	6e-04	0	0.5
numb	CG6416	2	6	0.0042	0	0.5
X14.3.3zeta	CG6416	2	6	0	0	0.5
Lis.1	CG6416	2	6	0	0	0.5
alpha.Spec	CG6416	2	6	0	0	0.5
twf	CG6416	2	6	4e-04	0	0.5
Bap60	CG6416	2	6	0.004	0	0.5
drk	CG6416	2	6	0	0	0.5
Nrx.IV	CG6416	2	6	0	0	0.5
trn	CG6416	2	6	2e-04	0	0.5
chn	CG6416	2	6	1e-04	0	0.5
RhoGAP68F	CG6416	2	6	7e-04	0	0.5
CycA	CG6416	2	6	0.0051	0	0.5
LIMK1	CG6416	2	6	0.0016	0	0.5
Rca1	CG6416	2	6	0.0062	0	0.5
pelo	CG6416	2	6	0	0	0.5
CG32082	CG6416	2	6	0.0047	0	0.5
pyd	CG6416	2	6	1e-04	0	0.5
Mlc1	CG6416	2	6	0.0011	0	0.5
meso18E	CG6416	2	6	0.001	0	0.5
rdx	CG6416	2	6	0.0017	0	0.5
t	CG6416	2	6	0.002	0	0.5
alph	CG6416	2	6	0.0014	0	0.5
elav	CG6416	2	6	0	0	0.5
shg	CG6416	2	6	1e-04	0	0.5
shn	CG6416	2	6	0	0	0.5
th	CG6416	2	6	0	0	0.5
lmd	CG6416	2	6	3e-04	0	0.5
enok	CG6416	2	6	5e-04	0	0.5
loco	CG6416	2	6	8e-04	0	0.5
disco	CG6416	2	6	0	0	0.5
Gtp.bp	CG6416	2	6	0	0	0.5
crol	CG6416	2	6	0	0	0.5
Sema.1b	CG6416	2	6	0.001	0	0.5
dom	CG6416	2	6	0.001	0	0.5
Aph.4	CG6416	2	6	0.0077	0	0.5
Hr78	CG6416	2	6	0.0013	0	0.5
kuz	CG6416	2	6	2e-04	0	0.5
mbo	CG6416	2	6	0.0011	0	0.5
par.6	CG6416	2	6	0.0053	0	0.5
ast	CG6416	2	6	0	0	0.5
CG9769	CG6416	2	6	1e-04	0	0.5
Rbp9	CG6416	2	6	0.0028	0	0.5
hyx	CG6416	2	6	1e-04	0	0.5
sced	CG6416	2	6	3e-04	0	0.5
ninaE	CG6416	2	6	3e-04	0	0.5
Dscam	CG6416	2	6	0.006	0	0.5
Eip63F.1	CG6416	2	6	9e-04	0	0.5
lic	CG6416	2	6	0.0015	0	0.5
Idgf5	CG6416	2	6	1e-04	0	0.5
Idgf4	CG6416	2	6	0.0013	0	0.5
Mbs	CG6416	2	6	3e-04	0	0.5
opa	CG6416	2	6	2e-04	0	0.5
lwr	CG6416	2	6	0.0015	0	0.5
wee	CG6416	2	6	0.0014	0	0.5
Cks30A	CG6416	2	6	0	0	0.5
fax	CG6416	2	6	0.0016	0	0.5
bun	CG6416	2	6	8e-04	0	0.5
bnb	CG6416	2	6	0	0	0.5
Apc	CG6416	2	6	9e-04	0	0.5
ytr	CG6416	2	6	3e-04	0	0.5
blow	CG6416	2	6	0.0016	0	0.5
Hph	CG6416	2	6	0.0013	0	0.5
fs.1.M3	CG6416	2	6	0.0016	0	0.5
chinmo	CG6416	2	6	7e-04	0	0.5
CG13850	CG6416	2	6	0	0	0.5
E2f2	CG6416	2	6	0.0012	0	0.5
eIF.4a	CG6416	2	6	4e-04	0	0.5
stil	CG6416	2	6	3e-04	0	0.5
Sh	CG6416	2	6	0	0	0.5
l.3.mbt	CG6416	2	6	0.002	0	0.5
osa	CG6416	2	6	0.0046	0	0.5
Cip4	CG6416	2	6	0	0	0.5
kkv	CG6416	2	6	5e-04	0	0.5
pcm	CG6416	2	6	0	0	0.5
Hr46	CG6416	2	6	5e-04	0	0.5
dib	CG6416	2	6	0	0	0.5
Idgf1	CG6416	2	6	8e-04	0	0.5
SelD	CG6416	2	6	4e-04	0	0.5
eff	CG6416	2	6	0	0	0.5
glec	CG6416	2	6	0	0	0.5
E.z.	CG6416	2	6	0.0044	0	0.5
Pink1	CG6416	2	6	7e-04	0	0.5
caup	CG6416	2	6	3e-04	0	0.5
pav	CG6416	2	6	1e-04	0	0.5
PebIII	CG6416	2	6	2e-04	0	0.5
flw	CG6416	2	6	0.0024	0	0.5
aft	CG6416	2	6	3e-04	0	0.5
fog	CG6416	2	6	5e-04	0	0.5
ksr	CG6416	2	6	3e-04	0	0.5
Caf1	CG6416	2	6	3e-04	0	0.5
grp	CG6416	2	6	3e-04	0	0.5
Ggamma1	CG6416	2	6	2e-04	0	0.5
cort	CG6416	2	6	6e-04	0	0.5
brat	CG6416	2	6	0.0104	0	0.5
NetB	CG6416	2	6	0.0011	0	0.5
Arc.p34	CG6416	2	6	0.0013	0	0.5
fru	CG6416	2	6	6e-04	0	0.5
CG12896	CG6416	2	6	8e-04	0	0.5
Rheb	CG6416	2	6	3e-04	0	0.5
bt	CG6416	2	6	0.0018	0	0.5
dmt	CG6416	2	6	1e-04	0	0.5
CG14995	CG6416	2	6	1e-04	0	0.5
tou	CG6416	2	6	3e-04	0	0.5
Mhc	CG6416	2	6	0.001	0	0.5
Msp.300	CG6416	2	6	5e-04	0	0.5
Pgant35A	CG6416	2	6	0.0023	0	0.5
Pen	CG6416	2	6	9e-04	0	0.5
tld	CG6416	2	6	0.0066	0	0.5
Tl	CG6416	2	6	7e-04	0	0.5
tkv	CG6416	2	6	3e-04	0	0.5
CG4500	CG6416	2	6	3e-04	0	0.5
CG8216	CG6416	2	6	0	0	0.5
snf	CG6416	2	6	0.002	0	0.5
CG9104	CG6416	2	6	3e-04	0	0.5
sn	CG6416	2	6	0.001	0	0.5
cta	CG6416	2	6	0.0014	0	0.5
eIF.4E	CG6416	2	6	0	0	0.5
ecd	CG6416	2	6	0	0	0.5
EcR	CG6416	2	6	0.0012	0	0.5
LCBP1	CG6416	2	6	0	0	0.5
Antp	CG6416	2	6	4e-04	0	0.5
Myo61F	CG6416	2	6	0.2443	0	0.5
Moe	CG6416	2	6	1e-04	0	0.5
Traf6	CG6416	2	6	0.001	0	0.5
ap	CG6416	2	6	0	0	0.5
msi	CG6416	2	6	0	0	0.5
Pop2	CG6416	2	6	0.0058	0	0.5
baz	CG6416	2	6	0.0023	0	0.5
bcd	CG6416	2	6	0	0	0.5
Atpalpha	CG6416	2	6	0	0	0.5
pdm2	CG6416	2	6	2e-04	0	0.5
tin	CG6416	2	6	2e-04	0	0.5
Idgf2	CG6416	2	6	0.0013	0	0.5
slam	CG6416	2	6	0	0	0.5
trio	CG6416	2	6	2e-04	0	0.5
qm	CG6416	2	6	0	0	0.5
uzip	CG6416	2	6	0.0013	0	0.5
N	CG6416	2	6	0.0018	0	0.5
CG17470	CG6416	2	6	0	0	0.5
SelG	CG6416	2	6	4e-04	0	0.5
Cct1	CG6416	2	6	0	0	0.5
Atx2	CG6416	2	6	3e-04	0	0.5
her	CG6416	2	6	0.0069	0	0.5
pio	CG6416	2	6	5e-04	0	0.5
chrw	CG6416	2	6	1e-04	0	0.5
prod	CG6416	2	6	0.0013	0	0.5
prd	CG6416	2	6	5e-04	0	0.5
Prm	CG6416	2	6	0.0073	0	0.5
thr	CG6416	2	6	9e-04	0	0.5
stg	CG6416	2	6	0.0023	0	0.5
l.2.37Cc	CG6416	2	6	0.0011	0	0.5
Mef2	CG6416	2	6	3e-04	0	0.5
sli	CG6416	2	6	0	0	0.5
dec.1	CG6416	2	6	0	0	0.5
dos	CG6416	2	6	0.0013	0	0.5
Dif	CG6416	2	6	2e-04	0	0.5
Hs6st	CG6416	2	6	3e-04	0	0.5
asf1	CG6416	2	6	5e-04	0	0.5
Mitf	CG6416	2	6	3e-04	0	0.5
Pvf1	CG6416	2	6	2e-04	0	0.5
Dredd	CG6416	2	6	7e-04	0	0.5
poe	CG6416	2	6	6e-04	0	0.5
