Parent	Target	CPstart	CPend	PostProb	CoeffMean	edgesThreshold
Su.z.12	cp309	2	6	0.0022	0	0.5
emp	cp309	2	6	1e-04	0	0.5
CG2678	cp309	2	6	0	0	0.5
crc	cp309	2	6	3e-04	0	0.5
pros	cp309	2	6	0.0028	0	0.5
neur	cp309	2	6	5e-04	0	0.5
Rab5	cp309	2	6	7e-04	0	0.5
Rab7	cp309	2	6	0	0	0.5
Mmp2	cp309	2	6	4e-04	0	0.5
W	cp309	2	6	9e-04	0	0.5
bowl	cp309	2	6	0.0021	0	0.5
fd59A	cp309	2	6	8e-04	0	0.5
e	cp309	2	6	0.0076	0	0.5
ben	cp309	2	6	9e-04	0	0.5
rdo	cp309	2	6	6e-04	0	0.5
lin	cp309	2	6	0.0098	0	0.5
tra	cp309	2	6	8e-04	0	0.5
tra2	cp309	2	6	4e-04	0	0.5
cathD	cp309	2	6	1e-04	0	0.5
d	cp309	2	6	0.0019	0	0.5
lva	cp309	2	6	9e-04	0	0.5
pbl	cp309	2	6	1e-04	0	0.5
CG33205	cp309	2	6	3e-04	0	0.5
da	cp309	2	6	0	0	0.5
cactin	cp309	2	6	2e-04	0	0.5
hpo	cp309	2	6	8e-04	0	0.5
Sema.2a	cp309	2	6	5e-04	0	0.5
Eip74EF	cp309	2	6	4e-04	0	0.5
eg	cp309	2	6	3e-04	0	0.5
Arc42	cp309	2	6	8e-04	0	0.5
toy	cp309	2	6	0.0015	0	0.5
Galpha73B	cp309	2	6	2e-04	0	0.5
RhoGAPp190	cp309	2	6	0.0011	0	0.5
MED11	cp309	2	6	0.0017	0	0.5
cher	cp309	2	6	1e-04	0	0.5
BicD	cp309	2	6	4e-04	0	0.5
MYPT.75D	cp309	2	6	2e-04	0	0.5
mus304	cp309	2	6	2e-04	0	0.5
CdsA	cp309	2	6	8e-04	0	0.5
btl	cp309	2	6	1e-04	0	0.5
Cyt.c.d	cp309	2	6	0.001	0	0.5
tok	cp309	2	6	3e-04	0	0.5
ttk	cp309	2	6	7e-04	0	0.5
tamo	cp309	2	6	2e-04	0	0.5
CG6416	cp309	2	6	0.0048	0	0.5
flfl	cp309	2	6	0	0	0.5
Pvr	cp309	2	6	4e-04	0	0.5
kay	cp309	2	6	1e-04	0	0.5
Jra	cp309	2	6	2e-04	0	0.5
msk	cp309	2	6	0.0016	0	0.5
tll	cp309	2	6	7e-04	0	0.5
Tm1	cp309	2	6	2e-04	0	0.5
srp	cp309	2	6	6e-04	0	0.5
Btk29A	cp309	2	6	1e-04	0	0.5
fred	cp309	2	6	0	0	0.5
Src64B	cp309	2	6	0.002	0	0.5
Mmp1	cp309	2	6	4e-04	0	0.5
sll	cp309	2	6	7e-04	0	0.5
Hmgs	cp309	2	6	0	0	0.5
caps	cp309	2	6	0.0013	0	0.5
Su.var.2.10	cp309	2	6	6e-04	0	0.5
CycB	cp309	2	6	2e-04	0	0.5
spir	cp309	2	6	7e-04	0	0.5
spn.A	cp309	2	6	4e-04	0	0.5
Ptpmeg	cp309	2	6	5e-04	0	0.5
qua	cp309	2	6	0.0013	0	0.5
msn	cp309	2	6	5e-04	0	0.5
ena	cp309	2	6	6e-04	0	0.5
spen	cp309	2	6	7e-04	0	0.5
emc	cp309	2	6	4e-04	0	0.5
tsh	cp309	2	6	8e-04	0	0.5
Dat	cp309	2	6	4e-04	0	0.5
Lac	cp309	2	6	0.0085	0	0.5
dup	cp309	2	6	7e-04	0	0.5
CG3075	cp309	2	6	8e-04	0	0.5
Akap200	cp309	2	6	0.0013	0	0.5
CG18369	cp309	2	6	4e-04	0	0.5
bnl	cp309	2	6	1e-04	0	0.5
sec23	cp309	2	6	2e-04	0	0.5
Pde8	cp309	2	6	2e-04	0	0.5
Arp66B	cp309	2	6	2e-04	0	0.5
cos	cp309	2	6	1e-04	0	0.5
Borr	cp309	2	6	2e-04	0	0.5
X140up	cp309	2	6	4e-04	0	0.5
Dhc64C	cp309	2	6	0	0	0.5
Not1	cp309	2	6	3e-04	0	0.5
CG9520	cp309	2	6	5e-04	0	0.5
bib	cp309	2	6	2e-04	0	0.5
mib1	cp309	2	6	0.0022	0	0.5
cas	cp309	2	6	0.002	0	0.5
Abi	cp309	2	6	0.0013	0	0.5
betaTub56D	cp309	2	6	3e-04	0	0.5
nej	cp309	2	6	0.001	0	0.5
dlg1	cp309	2	6	0.001	0	0.5
Lcp65Ag1	cp309	2	6	5e-04	0	0.5
Es2	cp309	2	6	6e-04	0	0.5
MED24	cp309	2	6	4e-04	0	0.5
Vhl	cp309	2	6	5e-04	0	0.5
tral	cp309	2	6	7e-04	0	0.5
sns	cp309	2	6	5e-04	0	0.5
mbl	cp309	2	6	2e-04	0	0.5
sav	cp309	2	6	0.0011	0	0.5
lola	cp309	2	6	0.001	0	0.5
robo	cp309	2	6	0.002	0	0.5
CG32486	cp309	2	6	0.0062	0	0.5
santa.maria	cp309	2	6	0	0	0.5
stumps	cp309	2	6	0.0033	0	0.5
abd.A	cp309	2	6	0.001	0	0.5
dock	cp309	2	6	0.0122	0	0.5
Lar	cp309	2	6	0.0184	0	0.5
l.1.G0289	cp309	2	6	4e-04	0	0.5
Abl	cp309	2	6	0.0017	0	0.5
Syb	cp309	2	6	0	0	0.5
dome	cp309	2	6	8e-04	0	0.5
ofs	cp309	2	6	4e-04	0	0.5
MED4	cp309	2	6	6e-04	0	0.5
scrib	cp309	2	6	9e-04	0	0.5
siz	cp309	2	6	5e-04	0	0.5
cbx	cp309	2	6	0.0016	0	0.5
dsx	cp309	2	6	0	0	0.5
Sb	cp309	2	6	2e-04	0	0.5
sax	cp309	2	6	0.0119	0	0.5
foxo	cp309	2	6	1e-04	0	0.5
Cyp1	cp309	2	6	2e-04	0	0.5
brm	cp309	2	6	0.0021	0	0.5
rad50	cp309	2	6	1e-04	0	0.5
chico	cp309	2	6	0.0015	0	0.5
cp309	cp309	2	6	0.0016	0	0.5
hdc	cp309	2	6	2e-04	0	0.5
Axn	cp309	2	6	0.0027	0	0.5
Apc2	cp309	2	6	2e-04	0	0.5
PhKgamma	cp309	2	6	1e-04	0	0.5
eya	cp309	2	6	0	0	0.5
sktl	cp309	2	6	0.0012	0	0.5
sqd	cp309	2	6	1e-04	0	0.5
Akt1	cp309	2	6	7e-04	0	0.5
scyl	cp309	2	6	5e-04	0	0.5
cnk	cp309	2	6	4e-04	0	0.5
CG8149	cp309	2	6	0.0027	0	0.5
CG34379	cp309	2	6	0.0012	0	0.5
Yp1	cp309	2	6	0.001	0	0.5
yrt	cp309	2	6	0.0028	0	0.5
bap	cp309	2	6	6e-04	0	0.5
tud	cp309	2	6	6e-04	0	0.5
ct	cp309	2	6	8e-04	0	0.5
tup	cp309	2	6	2e-04	0	0.5
G.ialpha65A	cp309	2	6	0.001	0	0.5
knrl	cp309	2	6	5e-04	0	0.5
Pkn	cp309	2	6	0.001	0	0.5
Sry.delta	cp309	2	6	8e-04	0	0.5
Alh	cp309	2	6	0.0026	0	0.5
pnut	cp309	2	6	0	0	0.5
phyl	cp309	2	6	0.0012	0	0.5
CG17739	cp309	2	6	4e-04	0	0.5
B4	cp309	2	6	6e-04	0	0.5
CG2681	cp309	2	6	9e-04	0	0.5
tow	cp309	2	6	5e-04	0	0.5
hkl	cp309	2	6	0.0068	0	0.5
sina	cp309	2	6	1e-04	0	0.5
ry	cp309	2	6	4e-04	0	0.5
rux	cp309	2	6	0.0034	0	0.5
boss	cp309	2	6	0	0	0.5
Mkp3	cp309	2	6	4e-04	0	0.5
inaC	cp309	2	6	8e-04	0	0.5
sno	cp309	2	6	0.0016	0	0.5
jagn	cp309	2	6	0.0026	0	0.5
dpn	cp309	2	6	0.001	0	0.5
wrapper	cp309	2	6	3e-04	0	0.5
Ca.alpha1D	cp309	2	6	8e-04	0	0.5
E2f	cp309	2	6	0.0042	0	0.5
Dp	cp309	2	6	2e-04	0	0.5
l.2.efl	cp309	2	6	0.001	0	0.5
cnc	cp309	2	6	0.0049	0	0.5
Atg5	cp309	2	6	1e-04	0	0.5
acj6	cp309	2	6	2e-04	0	0.5
Trl	cp309	2	6	0.0041	0	0.5
d4	cp309	2	6	8e-04	0	0.5
CG16719	cp309	2	6	0.0014	0	0.5
CadN	cp309	2	6	0.001	0	0.5
gro	cp309	2	6	5e-04	0	0.5
sec13	cp309	2	6	4e-04	0	0.5
klar	cp309	2	6	4e-04	0	0.5
Rack1	cp309	2	6	0.0012	0	0.5
Sobp	cp309	2	6	2e-04	0	0.5
ash1	cp309	2	6	0.0011	0	0.5
inv	cp309	2	6	6e-04	0	0.5
shot	cp309	2	6	4e-04	0	0.5
Oseg1	cp309	2	6	7e-04	0	0.5
Spred	cp309	2	6	9e-04	0	0.5
puc	cp309	2	6	8e-04	0	0.5
Atg6	cp309	2	6	0	0	0.5
CG3829	cp309	2	6	0.004	0	0.5
sle	cp309	2	6	5e-04	0	0.5
Cka	cp309	2	6	3e-04	0	0.5
form3	cp309	2	6	5e-04	0	0.5
Pk61C	cp309	2	6	2e-04	0	0.5
Pcaf	cp309	2	6	0.001	0	0.5
sbb	cp309	2	6	0	0	0.5
Ef1gamma	cp309	2	6	6e-04	0	0.5
FKBP59	cp309	2	6	0.0063	0	0.5
Eip71CD	cp309	2	6	0.0012	0	0.5
xmas.2	cp309	2	6	2e-04	0	0.5
ppan	cp309	2	6	0	0	0.5
Iswi	cp309	2	6	0.002	0	0.5
ine	cp309	2	6	4e-04	0	0.5
Tina.1	cp309	2	6	1e-04	0	0.5
bon	cp309	2	6	7e-04	0	0.5
pot	cp309	2	6	1e-04	0	0.5
chic	cp309	2	6	5e-04	0	0.5
Hem	cp309	2	6	0.0013	0	0.5
chif	cp309	2	6	4e-04	0	0.5
S6kII	cp309	2	6	2e-04	0	0.5
wal	cp309	2	6	0.0013	0	0.5
wls	cp309	2	6	2e-04	0	0.5
Ddx1	cp309	2	6	0.001	0	0.5
Sulf1	cp309	2	6	7e-04	0	0.5
CG3987	cp309	2	6	1e-04	0	0.5
Abd.B	cp309	2	6	9e-04	0	0.5
Uba1	cp309	2	6	1e-04	0	0.5
bigmax	cp309	2	6	3e-04	0	0.5
NAT1	cp309	2	6	0	0	0.5
wupA	cp309	2	6	0.0011	0	0.5
Vps28	cp309	2	6	4e-04	0	0.5
G.oalpha47A	cp309	2	6	0.0058	0	0.5
G.salpha60A	cp309	2	6	2e-04	0	0.5
dsf	cp309	2	6	0.001	0	0.5
Khc	cp309	2	6	5e-04	0	0.5
CG10641	cp309	2	6	0.0016	0	0.5
Alk	cp309	2	6	9e-04	0	0.5
ey	cp309	2	6	1e-04	0	0.5
noc	cp309	2	6	0.0033	0	0.5
ix	cp309	2	6	0.0013	0	0.5
Optix	cp309	2	6	5e-04	0	0.5
sdt	cp309	2	6	5e-04	0	0.5
Sxl	cp309	2	6	0.002	0	0.5
rib	cp309	2	6	0.0159	0	0.5
sas	cp309	2	6	7e-04	0	0.5
Scgdelta	cp309	2	6	0.0014	0	0.5
sw	cp309	2	6	0.0013	0	0.5
fal	cp309	2	6	0	0	0.5
ea	cp309	2	6	0	0	0.5
Ice	cp309	2	6	4e-04	0	0.5
cic	cp309	2	6	3e-04	0	0.5
Dok	cp309	2	6	0.0012	0	0.5
rhea	cp309	2	6	0.0069	0	0.5
Glycogenin	cp309	2	6	1e-04	0	0.5
cin	cp309	2	6	1e-04	0	0.5
chp	cp309	2	6	5e-04	0	0.5
Dlic2	cp309	2	6	3e-04	0	0.5
Pk92B	cp309	2	6	0.0021	0	0.5
Pak	cp309	2	6	1e-04	0	0.5
Lim1	cp309	2	6	2e-04	0	0.5
CG34450	cp309	2	6	3e-04	0	0.5
Su.H.	cp309	2	6	1e-04	0	0.5
CG12301	cp309	2	6	0	0	0.5
lilli	cp309	2	6	0.0013	0	0.5
toe	cp309	2	6	0.0015	0	0.5
qkr58E.3	cp309	2	6	0.0013	0	0.5
up	cp309	2	6	3e-04	0	0.5
hep	cp309	2	6	4e-04	0	0.5
Dap160	cp309	2	6	0.0014	0	0.5
l.2.gd1	cp309	2	6	8e-04	0	0.5
hkb	cp309	2	6	0.0013	0	0.5
beta4GalNAcTA	cp309	2	6	0.0025	0	0.5
Mer	cp309	2	6	1e-04	0	0.5
Mtl	cp309	2	6	0.0034	0	0.5
spin	cp309	2	6	5e-04	0	0.5
mfas	cp309	2	6	0.0013	0	0.5
frc	cp309	2	6	1e-04	0	0.5
Krn	cp309	2	6	0.002	0	0.5
mam	cp309	2	6	0.0044	0	0.5
brk	cp309	2	6	5e-04	0	0.5
Ark	cp309	2	6	0.0014	0	0.5
mmy	cp309	2	6	1e-04	0	0.5
mri	cp309	2	6	0.001	0	0.5
Crk	cp309	2	6	0	0	0.5
ssh	cp309	2	6	3e-04	0	0.5
fs.1.K10	cp309	2	6	0	0	0.5
Psn	cp309	2	6	0.0013	0	0.5
CG9509	cp309	2	6	0.0021	0	0.5
CkIIalpha	cp309	2	6	9e-04	0	0.5
car	cp309	2	6	3e-04	0	0.5
capu	cp309	2	6	2e-04	0	0.5
cact	cp309	2	6	7e-04	0	0.5
Patj	cp309	2	6	8e-04	0	0.5
dpp	cp309	2	6	0.0366	0	0.5
xl6	cp309	2	6	4e-04	0	0.5
dally	cp309	2	6	9e-04	0	0.5
Pi3K92E	cp309	2	6	9e-04	0	0.5
E.bx.	cp309	2	6	0.0013	0	0.5
emb	cp309	2	6	0.0018	0	0.5
CtBP	cp309	2	6	5e-04	0	0.5
Dad	cp309	2	6	3e-04	0	0.5
amx	cp309	2	6	7e-04	0	0.5
Ank2	cp309	2	6	8e-04	0	0.5
CG34417	cp309	2	6	0.0016	0	0.5
scra	cp309	2	6	0	0	0.5
dsd	cp309	2	6	0.0011	0	0.5
Ephrin	cp309	2	6	1e-04	0	0.5
Appl	cp309	2	6	0.0012	0	0.5
sty	cp309	2	6	1e-04	0	0.5
RhoL	cp309	2	6	0.0017	0	0.5
twi	cp309	2	6	0.0011	0	0.5
tub	cp309	2	6	0.0017	0	0.5
ftz.f1	cp309	2	6	0.0011	0	0.5
wg	cp309	2	6	0.0019	0	0.5
LanB1	cp309	2	6	0.0014	0	0.5
LanA	cp309	2	6	0.0014	0	0.5
LanB2	cp309	2	6	0.0051	0	0.5
Chi	cp309	2	6	0.0017	0	0.5
nmo	cp309	2	6	0.002	0	0.5
ics	cp309	2	6	0.0011	0	0.5
oaf	cp309	2	6	0	0	0.5
dco	cp309	2	6	4e-04	0	0.5
Dys	cp309	2	6	3e-04	0	0.5
drm	cp309	2	6	2e-04	0	0.5
RpL30	cp309	2	6	9e-04	0	0.5
how	cp309	2	6	2e-04	0	0.5
dei	cp309	2	6	0	0	0.5
CG1244	cp309	2	6	0.0013	0	0.5
Chc	cp309	2	6	2e-04	0	0.5
Orct	cp309	2	6	3e-04	0	0.5
sgl	cp309	2	6	1e-04	0	0.5
CG17221	cp309	2	6	0.0018	0	0.5
gkt	cp309	2	6	3e-04	0	0.5
by	cp309	2	6	5e-04	0	0.5
Pka.C3	cp309	2	6	0	0	0.5
vlc	cp309	2	6	8e-04	0	0.5
fl.2.d	cp309	2	6	0.0044	0	0.5
Nf1	cp309	2	6	0.0014	0	0.5
CG6372	cp309	2	6	0.0012	0	0.5
Rho1	cp309	2	6	2e-04	0	0.5
kuk	cp309	2	6	3e-04	0	0.5
l.2.gl	cp309	2	6	4e-04	0	0.5
Ald	cp309	2	6	3e-04	0	0.5
jumu	cp309	2	6	0.0012	0	0.5
glu	cp309	2	6	0.0011	0	0.5
fs.2.ltoPP43	cp309	2	6	0.0016	0	0.5
CycE	cp309	2	6	2e-04	0	0.5
CG8247	cp309	2	6	8e-04	0	0.5
CSN4	cp309	2	6	2e-04	0	0.5
X18w	cp309	2	6	0.0056	0	0.5
bs	cp309	2	6	0.0013	0	0.5
Nrt	cp309	2	6	0.0048	0	0.5
mask	cp309	2	6	1e-04	0	0.5
gl	cp309	2	6	5e-04	0	0.5
Cp1	cp309	2	6	3e-04	0	0.5
ex	cp309	2	6	2e-04	0	0.5
jing	cp309	2	6	0.0017	0	0.5
shrb	cp309	2	6	0.0018	0	0.5
raw	cp309	2	6	1e-04	0	0.5
CG9445	cp309	2	6	2e-04	0	0.5
gbb	cp309	2	6	2e-04	0	0.5
Hs2st	cp309	2	6	1e-04	0	0.5
sls	cp309	2	6	4e-04	0	0.5
kis	cp309	2	6	0.0016	0	0.5
run	cp309	2	6	0.0016	0	0.5
pnr	cp309	2	6	0.0015	0	0.5
pn	cp309	2	6	7e-04	0	0.5
pnt	cp309	2	6	9e-04	0	0.5
Fmr1	cp309	2	6	4e-04	0	0.5
Myo31DF	cp309	2	6	4e-04	0	0.5
ALiX	cp309	2	6	1e-04	0	0.5
sgg	cp309	2	6	0.0011	0	0.5
mbt	cp309	2	6	1e-04	0	0.5
Sin3A	cp309	2	6	2e-04	0	0.5
dnc	cp309	2	6	1e-04	0	0.5
morgue	cp309	2	6	0.002	0	0.5
Set2	cp309	2	6	4e-04	0	0.5
exu	cp309	2	6	1e-04	0	0.5
odd	cp309	2	6	0.0087	0	0.5
esc	cp309	2	6	2e-04	0	0.5
dah	cp309	2	6	4e-04	0	0.5
Taf4	cp309	2	6	0.0014	0	0.5
Jafrac2	cp309	2	6	3e-04	0	0.5
Fas3	cp309	2	6	0.0017	0	0.5
wus	cp309	2	6	2e-04	0	0.5
Wnt5	cp309	2	6	4e-04	0	0.5
sprt	cp309	2	6	5e-04	0	0.5
jar	cp309	2	6	0.1039	0	0.5
v	cp309	2	6	0.0014	0	0.5
Snap	cp309	2	6	6e-04	0	0.5
vap	cp309	2	6	4e-04	0	0.5
Src42A	cp309	2	6	0.001	0	0.5
esg	cp309	2	6	7e-04	0	0.5
zfh1	cp309	2	6	4e-04	0	0.5
alien	cp309	2	6	6e-04	0	0.5
peb	cp309	2	6	9e-04	0	0.5
par.1	cp309	2	6	8e-04	0	0.5
hyd	cp309	2	6	0.0011	0	0.5
trc	cp309	2	6	2e-04	0	0.5
Eip63E	cp309	2	6	8e-04	0	0.5
ird5	cp309	2	6	3e-04	0	0.5
bl	cp309	2	6	0.0059	0	0.5
Syx1A	cp309	2	6	0.0017	0	0.5
drl	cp309	2	6	0.0069	0	0.5
rg	cp309	2	6	0.0013	0	0.5
apt	cp309	2	6	9e-04	0	0.5
svr	cp309	2	6	1e-04	0	0.5
sar1	cp309	2	6	5e-04	0	0.5
Tab2	cp309	2	6	2e-04	0	0.5
zfh2	cp309	2	6	7e-04	0	0.5
dj	cp309	2	6	8e-04	0	0.5
tum	cp309	2	6	0	0	0.5
yellow.f	cp309	2	6	0	0	0.5
p53	cp309	2	6	6e-04	0	0.5
ImpE3	cp309	2	6	1e-04	0	0.5
cbt	cp309	2	6	9e-04	0	0.5
dl	cp309	2	6	0.0017	0	0.5
Dl	cp309	2	6	5e-04	0	0.5
Sur	cp309	2	6	9e-04	0	0.5
Rpd3	cp309	2	6	1e-04	0	0.5
CG4945	cp309	2	6	1e-04	0	0.5
eve	cp309	2	6	0.0014	0	0.5
Stat92E	cp309	2	6	7e-04	0	0.5
ken	cp309	2	6	2e-04	0	0.5
dpld	cp309	2	6	0	0	0.5
CG1942	cp309	2	6	3e-04	0	0.5
Dcp.1	cp309	2	6	0.0016	0	0.5
Tak1	cp309	2	6	0.0022	0	0.5
cg	cp309	2	6	0.0027	0	0.5
fw	cp309	2	6	3e-04	0	0.5
tutl	cp309	2	6	0.001	0	0.5
bhr	cp309	2	6	5e-04	0	0.5
ash2	cp309	2	6	5e-04	0	0.5
mth	cp309	2	6	7e-04	0	0.5
numb	cp309	2	6	4e-04	0	0.5
X14.3.3zeta	cp309	2	6	4e-04	0	0.5
Lis.1	cp309	2	6	0.0019	0	0.5
alpha.Spec	cp309	2	6	0.118	0	0.5
twf	cp309	2	6	0.0041	0	0.5
Bap60	cp309	2	6	5e-04	0	0.5
drk	cp309	2	6	0.0047	0	0.5
Nrx.IV	cp309	2	6	5e-04	0	0.5
trn	cp309	2	6	7e-04	0	0.5
chn	cp309	2	6	9e-04	0	0.5
RhoGAP68F	cp309	2	6	0.0026	0	0.5
CycA	cp309	2	6	1e-04	0	0.5
LIMK1	cp309	2	6	7e-04	0	0.5
Rca1	cp309	2	6	0.0018	0	0.5
pelo	cp309	2	6	0.0011	0	0.5
CG32082	cp309	2	6	5e-04	0	0.5
pyd	cp309	2	6	0.0169	0	0.5
Mlc1	cp309	2	6	1e-04	0	0.5
meso18E	cp309	2	6	8e-04	0	0.5
rdx	cp309	2	6	5e-04	0	0.5
t	cp309	2	6	0.0019	0	0.5
alph	cp309	2	6	1e-04	0	0.5
elav	cp309	2	6	0.001	0	0.5
shg	cp309	2	6	0.0013	0	0.5
shn	cp309	2	6	2e-04	0	0.5
th	cp309	2	6	0.001	0	0.5
lmd	cp309	2	6	6e-04	0	0.5
enok	cp309	2	6	3e-04	0	0.5
loco	cp309	2	6	0.0205	0	0.5
disco	cp309	2	6	0.0015	0	0.5
Gtp.bp	cp309	2	6	2e-04	0	0.5
crol	cp309	2	6	0.0011	0	0.5
Sema.1b	cp309	2	6	0.0234	0	0.5
dom	cp309	2	6	3e-04	0	0.5
Aph.4	cp309	2	6	0.0332	0	0.5
Hr78	cp309	2	6	0	0	0.5
kuz	cp309	2	6	0.0028	0	0.5
mbo	cp309	2	6	4e-04	0	0.5
par.6	cp309	2	6	4e-04	0	0.5
ast	cp309	2	6	4e-04	0	0.5
CG9769	cp309	2	6	4e-04	0	0.5
Rbp9	cp309	2	6	4e-04	0	0.5
hyx	cp309	2	6	5e-04	0	0.5
sced	cp309	2	6	1e-04	0	0.5
ninaE	cp309	2	6	1e-04	0	0.5
Dscam	cp309	2	6	3e-04	0	0.5
Eip63F.1	cp309	2	6	5e-04	0	0.5
lic	cp309	2	6	4e-04	0	0.5
Idgf5	cp309	2	6	4e-04	0	0.5
Idgf4	cp309	2	6	3e-04	0	0.5
Mbs	cp309	2	6	3e-04	0	0.5
opa	cp309	2	6	0.004	0	0.5
lwr	cp309	2	6	0.0016	0	0.5
wee	cp309	2	6	0.0013	0	0.5
Cks30A	cp309	2	6	2e-04	0	0.5
fax	cp309	2	6	0.0032	0	0.5
bun	cp309	2	6	0	0	0.5
bnb	cp309	2	6	0.172	0	0.5
Apc	cp309	2	6	8e-04	0	0.5
ytr	cp309	2	6	6e-04	0	0.5
blow	cp309	2	6	0.0012	0	0.5
Hph	cp309	2	6	0.0013	0	0.5
fs.1.M3	cp309	2	6	0.003	0	0.5
chinmo	cp309	2	6	3e-04	0	0.5
CG13850	cp309	2	6	1e-04	0	0.5
E2f2	cp309	2	6	0.0011	0	0.5
eIF.4a	cp309	2	6	3e-04	0	0.5
stil	cp309	2	6	6e-04	0	0.5
Sh	cp309	2	6	8e-04	0	0.5
l.3.mbt	cp309	2	6	4e-04	0	0.5
osa	cp309	2	6	8e-04	0	0.5
Cip4	cp309	2	6	0.0015	0	0.5
kkv	cp309	2	6	7e-04	0	0.5
pcm	cp309	2	6	0.0024	0	0.5
Hr46	cp309	2	6	4e-04	0	0.5
dib	cp309	2	6	3e-04	0	0.5
Idgf1	cp309	2	6	7e-04	0	0.5
SelD	cp309	2	6	0.0012	0	0.5
eff	cp309	2	6	4e-04	0	0.5
glec	cp309	2	6	0.0098	0	0.5
E.z.	cp309	2	6	1e-04	0	0.5
Pink1	cp309	2	6	0.001	0	0.5
caup	cp309	2	6	0.0171	0	0.5
pav	cp309	2	6	6e-04	0	0.5
PebIII	cp309	2	6	0.0037	0	0.5
flw	cp309	2	6	5e-04	0	0.5
aft	cp309	2	6	0.0038	0	0.5
fog	cp309	2	6	0.0013	0	0.5
ksr	cp309	2	6	5e-04	0	0.5
Caf1	cp309	2	6	2e-04	0	0.5
grp	cp309	2	6	1e-04	0	0.5
Ggamma1	cp309	2	6	7e-04	0	0.5
cort	cp309	2	6	1e-04	0	0.5
brat	cp309	2	6	0.0017	0	0.5
NetB	cp309	2	6	0.0062	0	0.5
Arc.p34	cp309	2	6	2e-04	0	0.5
fru	cp309	2	6	0.0167	0	0.5
CG12896	cp309	2	6	0.0018	0	0.5
Rheb	cp309	2	6	3e-04	0	0.5
bt	cp309	2	6	1e-04	0	0.5
dmt	cp309	2	6	0	0	0.5
CG14995	cp309	2	6	4e-04	0	0.5
tou	cp309	2	6	3e-04	0	0.5
Mhc	cp309	2	6	1e-04	0	0.5
Msp.300	cp309	2	6	4e-04	0	0.5
Pgant35A	cp309	2	6	5e-04	0	0.5
Pen	cp309	2	6	1e-04	0	0.5
tld	cp309	2	6	4e-04	0	0.5
Tl	cp309	2	6	0.0014	0	0.5
tkv	cp309	2	6	8e-04	0	0.5
CG4500	cp309	2	6	2e-04	0	0.5
CG8216	cp309	2	6	8e-04	0	0.5
snf	cp309	2	6	0.001	0	0.5
CG9104	cp309	2	6	0	0	0.5
sn	cp309	2	6	0.0032	0	0.5
cta	cp309	2	6	8e-04	0	0.5
eIF.4E	cp309	2	6	9e-04	0	0.5
ecd	cp309	2	6	5e-04	0	0.5
EcR	cp309	2	6	6e-04	0	0.5
LCBP1	cp309	2	6	2e-04	0	0.5
Antp	cp309	2	6	0.0078	0	0.5
Myo61F	cp309	2	6	0.0014	0	0.5
Moe	cp309	2	6	9e-04	0	0.5
Traf6	cp309	2	6	0.0056	0	0.5
ap	cp309	2	6	3e-04	0	0.5
msi	cp309	2	6	0	0	0.5
Pop2	cp309	2	6	7e-04	0	0.5
baz	cp309	2	6	0.0014	0	0.5
bcd	cp309	2	6	2e-04	0	0.5
Atpalpha	cp309	2	6	0.0013	0	0.5
pdm2	cp309	2	6	4e-04	0	0.5
tin	cp309	2	6	0.002	0	0.5
Idgf2	cp309	2	6	0.0012	0	0.5
slam	cp309	2	6	3e-04	0	0.5
trio	cp309	2	6	4e-04	0	0.5
qm	cp309	2	6	3e-04	0	0.5
uzip	cp309	2	6	2e-04	0	0.5
N	cp309	2	6	3e-04	0	0.5
CG17470	cp309	2	6	2e-04	0	0.5
SelG	cp309	2	6	0.0014	0	0.5
Cct1	cp309	2	6	2e-04	0	0.5
Atx2	cp309	2	6	8e-04	0	0.5
her	cp309	2	6	0.0019	0	0.5
pio	cp309	2	6	4e-04	0	0.5
chrw	cp309	2	6	2e-04	0	0.5
prod	cp309	2	6	7e-04	0	0.5
prd	cp309	2	6	0.0025	0	0.5
Prm	cp309	2	6	7e-04	0	0.5
thr	cp309	2	6	9e-04	0	0.5
stg	cp309	2	6	0.0012	0	0.5
l.2.37Cc	cp309	2	6	0.0012	0	0.5
Mef2	cp309	2	6	0.0016	0	0.5
sli	cp309	2	6	0.0011	0	0.5
dec.1	cp309	2	6	5e-04	0	0.5
dos	cp309	2	6	8e-04	0	0.5
Dif	cp309	2	6	0.0016	0	0.5
Hs6st	cp309	2	6	0.0021	0	0.5
asf1	cp309	2	6	0.0011	0	0.5
Mitf	cp309	2	6	5e-04	0	0.5
Pvf1	cp309	2	6	8e-04	0	0.5
Dredd	cp309	2	6	6e-04	0	0.5
poe	cp309	2	6	0.0018	0	0.5
