Parent	Target	CPstart	CPend	PostProb	CoeffMean	edgesThreshold
Su.z.12	CG9520	2	6	4e-04	0	0.5
emp	CG9520	2	6	1e-04	0	0.5
CG2678	CG9520	2	6	0	0	0.5
crc	CG9520	2	6	3e-04	0	0.5
pros	CG9520	2	6	0	0	0.5
neur	CG9520	2	6	0	0	0.5
Rab5	CG9520	2	6	2e-04	0	0.5
Rab7	CG9520	2	6	1e-04	0	0.5
Mmp2	CG9520	2	6	0	0	0.5
W	CG9520	2	6	0	0	0.5
bowl	CG9520	2	6	0	0	0.5
fd59A	CG9520	2	6	5e-04	0	0.5
e	CG9520	2	6	2e-04	0	0.5
ben	CG9520	2	6	0	0	0.5
rdo	CG9520	2	6	7e-04	0	0.5
lin	CG9520	2	6	0.1348	0	0.5
tra	CG9520	2	6	1e-04	0	0.5
tra2	CG9520	2	6	2e-04	0	0.5
cathD	CG9520	2	6	0	0	0.5
d	CG9520	2	6	1e-04	0	0.5
lva	CG9520	2	6	0	0	0.5
pbl	CG9520	2	6	7e-04	0	0.5
CG33205	CG9520	2	6	0	0	0.5
da	CG9520	2	6	0.0015	0	0.5
cactin	CG9520	2	6	2e-04	0	0.5
hpo	CG9520	2	6	2e-04	0	0.5
Sema.2a	CG9520	2	6	0	0	0.5
Eip74EF	CG9520	2	6	7e-04	0	0.5
eg	CG9520	2	6	6e-04	0	0.5
Arc42	CG9520	2	6	0.0011	0	0.5
toy	CG9520	2	6	7e-04	0	0.5
Galpha73B	CG9520	2	6	0	0	0.5
RhoGAPp190	CG9520	2	6	0.0012	0	0.5
MED11	CG9520	2	6	0	0	0.5
cher	CG9520	2	6	0	0	0.5
BicD	CG9520	2	6	2e-04	0	0.5
MYPT.75D	CG9520	2	6	0.0016	0	0.5
mus304	CG9520	2	6	3e-04	0	0.5
CdsA	CG9520	2	6	1e-04	0	0.5
btl	CG9520	2	6	0	0	0.5
Cyt.c.d	CG9520	2	6	0	0	0.5
tok	CG9520	2	6	0	0	0.5
ttk	CG9520	2	6	0.0011	0	0.5
tamo	CG9520	2	6	7e-04	0	0.5
CG6416	CG9520	2	6	5e-04	0	0.5
flfl	CG9520	2	6	0	0	0.5
Pvr	CG9520	2	6	0	0	0.5
kay	CG9520	2	6	0.0021	0	0.5
Jra	CG9520	2	6	2e-04	0	0.5
msk	CG9520	2	6	0	0	0.5
tll	CG9520	2	6	0	0	0.5
Tm1	CG9520	2	6	5e-04	0	0.5
srp	CG9520	2	6	0	0	0.5
Btk29A	CG9520	2	6	1e-04	0	0.5
fred	CG9520	2	6	2e-04	0	0.5
Src64B	CG9520	2	6	0.0017	0	0.5
Mmp1	CG9520	2	6	0.0017	0	0.5
sll	CG9520	2	6	0	0	0.5
Hmgs	CG9520	2	6	1e-04	0	0.5
caps	CG9520	2	6	3e-04	0	0.5
Su.var.2.10	CG9520	2	6	2e-04	0	0.5
CycB	CG9520	2	6	0	0	0.5
spir	CG9520	2	6	0.0019	0	0.5
spn.A	CG9520	2	6	1e-04	0	0.5
Ptpmeg	CG9520	2	6	8e-04	0	0.5
qua	CG9520	2	6	0.0014	0	0.5
msn	CG9520	2	6	0	0	0.5
ena	CG9520	2	6	0	0	0.5
spen	CG9520	2	6	0.0011	0	0.5
emc	CG9520	2	6	0	0	0.5
tsh	CG9520	2	6	3e-04	0	0.5
Dat	CG9520	2	6	9e-04	0	0.5
Lac	CG9520	2	6	0	0	0.5
dup	CG9520	2	6	0.001	0	0.5
CG3075	CG9520	2	6	1e-04	0	0.5
Akap200	CG9520	2	6	0	0	0.5
CG18369	CG9520	2	6	0.1266	0	0.5
bnl	CG9520	2	6	0	0	0.5
sec23	CG9520	2	6	4e-04	0	0.5
Pde8	CG9520	2	6	0.0015	0	0.5
Arp66B	CG9520	2	6	0	0	0.5
cos	CG9520	2	6	0	0	0.5
Borr	CG9520	2	6	0	0	0.5
X140up	CG9520	2	6	0	0	0.5
Dhc64C	CG9520	2	6	2e-04	0	0.5
Not1	CG9520	2	6	0	0	0.5
CG9520	CG9520	2	6	0	0	0.5
bib	CG9520	2	6	0.0012	0	0.5
mib1	CG9520	2	6	1e-04	0	0.5
cas	CG9520	2	6	0.0027	0	0.5
Abi	CG9520	2	6	0	0	0.5
betaTub56D	CG9520	2	6	9e-04	0	0.5
nej	CG9520	2	6	7e-04	0	0.5
dlg1	CG9520	2	6	0	0	0.5
Lcp65Ag1	CG9520	2	6	3e-04	0	0.5
Es2	CG9520	2	6	0	0	0.5
MED24	CG9520	2	6	5e-04	0	0.5
Vhl	CG9520	2	6	0.0011	0	0.5
tral	CG9520	2	6	0	0	0.5
sns	CG9520	2	6	1e-04	0	0.5
mbl	CG9520	2	6	4e-04	0	0.5
sav	CG9520	2	6	0	0	0.5
lola	CG9520	2	6	0	0	0.5
robo	CG9520	2	6	7e-04	0	0.5
CG32486	CG9520	2	6	6e-04	0	0.5
santa.maria	CG9520	2	6	0	0	0.5
stumps	CG9520	2	6	2e-04	0	0.5
abd.A	CG9520	2	6	1e-04	0	0.5
dock	CG9520	2	6	9e-04	0	0.5
Lar	CG9520	2	6	5e-04	0	0.5
l.1.G0289	CG9520	2	6	3e-04	0	0.5
Abl	CG9520	2	6	0	0	0.5
Syb	CG9520	2	6	1e-04	0	0.5
dome	CG9520	2	6	0	0	0.5
ofs	CG9520	2	6	0	0	0.5
MED4	CG9520	2	6	0	0	0.5
scrib	CG9520	2	6	0.0014	0	0.5
siz	CG9520	2	6	0	0	0.5
cbx	CG9520	2	6	2e-04	0	0.5
dsx	CG9520	2	6	0	0	0.5
Sb	CG9520	2	6	0	0	0.5
sax	CG9520	2	6	5e-04	0	0.5
foxo	CG9520	2	6	0	0	0.5
Cyp1	CG9520	2	6	4e-04	0	0.5
brm	CG9520	2	6	0.0015	0	0.5
rad50	CG9520	2	6	1e-04	0	0.5
chico	CG9520	2	6	4e-04	0	0.5
cp309	CG9520	2	6	0	0	0.5
hdc	CG9520	2	6	2e-04	0	0.5
Axn	CG9520	2	6	7e-04	0	0.5
Apc2	CG9520	2	6	0.001	0	0.5
PhKgamma	CG9520	2	6	0	0	0.5
eya	CG9520	2	6	7e-04	0	0.5
sktl	CG9520	2	6	1e-04	0	0.5
sqd	CG9520	2	6	0.001	0	0.5
Akt1	CG9520	2	6	0	0	0.5
scyl	CG9520	2	6	0.0012	0	0.5
cnk	CG9520	2	6	6e-04	0	0.5
CG8149	CG9520	2	6	0.0102	0	0.5
CG34379	CG9520	2	6	1e-04	0	0.5
Yp1	CG9520	2	6	0	0	0.5
yrt	CG9520	2	6	0	0	0.5
bap	CG9520	2	6	2e-04	0	0.5
tud	CG9520	2	6	3e-04	0	0.5
ct	CG9520	2	6	2e-04	0	0.5
tup	CG9520	2	6	0.0014	0	0.5
G.ialpha65A	CG9520	2	6	6e-04	0	0.5
knrl	CG9520	2	6	4e-04	0	0.5
Pkn	CG9520	2	6	0	0	0.5
Sry.delta	CG9520	2	6	0	0	0.5
Alh	CG9520	2	6	0.0019	0	0.5
pnut	CG9520	2	6	2e-04	0	0.5
phyl	CG9520	2	6	0	0	0.5
CG17739	CG9520	2	6	0.0013	0	0.5
B4	CG9520	2	6	0.001	0	0.5
CG2681	CG9520	2	6	3e-04	0	0.5
tow	CG9520	2	6	4e-04	0	0.5
hkl	CG9520	2	6	0	0	0.5
sina	CG9520	2	6	0	0	0.5
ry	CG9520	2	6	2e-04	0	0.5
rux	CG9520	2	6	4e-04	0	0.5
boss	CG9520	2	6	9e-04	0	0.5
Mkp3	CG9520	2	6	5e-04	0	0.5
inaC	CG9520	2	6	8e-04	0	0.5
sno	CG9520	2	6	0.0017	0	0.5
jagn	CG9520	2	6	0.0506	0	0.5
dpn	CG9520	2	6	1e-04	0	0.5
wrapper	CG9520	2	6	7e-04	0	0.5
Ca.alpha1D	CG9520	2	6	0.001	0	0.5
E2f	CG9520	2	6	2e-04	0	0.5
Dp	CG9520	2	6	1e-04	0	0.5
l.2.efl	CG9520	2	6	1e-04	0	0.5
cnc	CG9520	2	6	0	0	0.5
Atg5	CG9520	2	6	0	0	0.5
acj6	CG9520	2	6	1e-04	0	0.5
Trl	CG9520	2	6	0.0026	0	0.5
d4	CG9520	2	6	0	0	0.5
CG16719	CG9520	2	6	0	0	0.5
CadN	CG9520	2	6	1e-04	0	0.5
gro	CG9520	2	6	8e-04	0	0.5
sec13	CG9520	2	6	1e-04	0	0.5
klar	CG9520	2	6	0	0	0.5
Rack1	CG9520	2	6	3e-04	0	0.5
Sobp	CG9520	2	6	4e-04	0	0.5
ash1	CG9520	2	6	0	0	0.5
inv	CG9520	2	6	3e-04	0	0.5
shot	CG9520	2	6	6e-04	0	0.5
Oseg1	CG9520	2	6	7e-04	0	0.5
Spred	CG9520	2	6	1e-04	0	0.5
puc	CG9520	2	6	3e-04	0	0.5
Atg6	CG9520	2	6	0.0014	0	0.5
CG3829	CG9520	2	6	0	0	0.5
sle	CG9520	2	6	0.001	0	0.5
Cka	CG9520	2	6	3e-04	0	0.5
form3	CG9520	2	6	0	0	0.5
Pk61C	CG9520	2	6	3e-04	0	0.5
Pcaf	CG9520	2	6	6e-04	0	0.5
sbb	CG9520	2	6	1e-04	0	0.5
Ef1gamma	CG9520	2	6	1e-04	0	0.5
FKBP59	CG9520	2	6	0.0012	0	0.5
Eip71CD	CG9520	2	6	0	0	0.5
xmas.2	CG9520	2	6	0.1262	0	0.5
ppan	CG9520	2	6	2e-04	0	0.5
Iswi	CG9520	2	6	3e-04	0	0.5
ine	CG9520	2	6	0.001	0	0.5
Tina.1	CG9520	2	6	5e-04	0	0.5
bon	CG9520	2	6	0	0	0.5
pot	CG9520	2	6	0	0	0.5
chic	CG9520	2	6	0	0	0.5
Hem	CG9520	2	6	7e-04	0	0.5
chif	CG9520	2	6	0	0	0.5
S6kII	CG9520	2	6	0	0	0.5
wal	CG9520	2	6	9e-04	0	0.5
wls	CG9520	2	6	0.0013	0	0.5
Ddx1	CG9520	2	6	1e-04	0	0.5
Sulf1	CG9520	2	6	0.0014	0	0.5
CG3987	CG9520	2	6	0	0	0.5
Abd.B	CG9520	2	6	0	0	0.5
Uba1	CG9520	2	6	2e-04	0	0.5
bigmax	CG9520	2	6	4e-04	0	0.5
NAT1	CG9520	2	6	1e-04	0	0.5
wupA	CG9520	2	6	2e-04	0	0.5
Vps28	CG9520	2	6	4e-04	0	0.5
G.oalpha47A	CG9520	2	6	7e-04	0	0.5
G.salpha60A	CG9520	2	6	0	0	0.5
dsf	CG9520	2	6	1e-04	0	0.5
Khc	CG9520	2	6	0.0084	0	0.5
CG10641	CG9520	2	6	0	0	0.5
Alk	CG9520	2	6	8e-04	0	0.5
ey	CG9520	2	6	3e-04	0	0.5
noc	CG9520	2	6	0.0021	0	0.5
ix	CG9520	2	6	0	0	0.5
Optix	CG9520	2	6	1e-04	0	0.5
sdt	CG9520	2	6	0	0	0.5
Sxl	CG9520	2	6	1e-04	0	0.5
rib	CG9520	2	6	0.0116	0	0.5
sas	CG9520	2	6	3e-04	0	0.5
Scgdelta	CG9520	2	6	0.0025	0	0.5
sw	CG9520	2	6	0	0	0.5
fal	CG9520	2	6	0	0	0.5
ea	CG9520	2	6	0	0	0.5
Ice	CG9520	2	6	0	0	0.5
cic	CG9520	2	6	0.0013	0	0.5
Dok	CG9520	2	6	5e-04	0	0.5
rhea	CG9520	2	6	1e-04	0	0.5
Glycogenin	CG9520	2	6	1e-04	0	0.5
cin	CG9520	2	6	4e-04	0	0.5
chp	CG9520	2	6	9e-04	0	0.5
Dlic2	CG9520	2	6	2e-04	0	0.5
Pk92B	CG9520	2	6	0	0	0.5
Pak	CG9520	2	6	0.0011	0	0.5
Lim1	CG9520	2	6	6e-04	0	0.5
CG34450	CG9520	2	6	0	0	0.5
Su.H.	CG9520	2	6	7e-04	0	0.5
CG12301	CG9520	2	6	0	0	0.5
lilli	CG9520	2	6	9e-04	0	0.5
toe	CG9520	2	6	1e-04	0	0.5
qkr58E.3	CG9520	2	6	0	0	0.5
up	CG9520	2	6	2e-04	0	0.5
hep	CG9520	2	6	0.0019	0	0.5
Dap160	CG9520	2	6	0	0	0.5
l.2.gd1	CG9520	2	6	0.001	0	0.5
hkb	CG9520	2	6	4e-04	0	0.5
beta4GalNAcTA	CG9520	2	6	2e-04	0	0.5
Mer	CG9520	2	6	3e-04	0	0.5
Mtl	CG9520	2	6	0	0	0.5
spin	CG9520	2	6	9e-04	0	0.5
mfas	CG9520	2	6	0	0	0.5
frc	CG9520	2	6	0	0	0.5
Krn	CG9520	2	6	4e-04	0	0.5
mam	CG9520	2	6	0	0	0.5
brk	CG9520	2	6	0	0	0.5
Ark	CG9520	2	6	2e-04	0	0.5
mmy	CG9520	2	6	1e-04	0	0.5
mri	CG9520	2	6	0	0	0.5
Crk	CG9520	2	6	3e-04	0	0.5
ssh	CG9520	2	6	1e-04	0	0.5
fs.1.K10	CG9520	2	6	2e-04	0	0.5
Psn	CG9520	2	6	0.0014	0	0.5
CG9509	CG9520	2	6	0	0	0.5
CkIIalpha	CG9520	2	6	5e-04	0	0.5
car	CG9520	2	6	3e-04	0	0.5
capu	CG9520	2	6	0	0	0.5
cact	CG9520	2	6	1e-04	0	0.5
Patj	CG9520	2	6	0	0	0.5
dpp	CG9520	2	6	0	0	0.5
xl6	CG9520	2	6	1e-04	0	0.5
dally	CG9520	2	6	3e-04	0	0.5
Pi3K92E	CG9520	2	6	6e-04	0	0.5
E.bx.	CG9520	2	6	0	0	0.5
emb	CG9520	2	6	0	0	0.5
CtBP	CG9520	2	6	2e-04	0	0.5
Dad	CG9520	2	6	1e-04	0	0.5
amx	CG9520	2	6	0.0014	0	0.5
Ank2	CG9520	2	6	0	0	0.5
CG34417	CG9520	2	6	8e-04	0	0.5
scra	CG9520	2	6	5e-04	0	0.5
dsd	CG9520	2	6	2e-04	0	0.5
Ephrin	CG9520	2	6	7e-04	0	0.5
Appl	CG9520	2	6	4e-04	0	0.5
sty	CG9520	2	6	4e-04	0	0.5
RhoL	CG9520	2	6	0.0019	0	0.5
twi	CG9520	2	6	0	0	0.5
tub	CG9520	2	6	0	0	0.5
ftz.f1	CG9520	2	6	2e-04	0	0.5
wg	CG9520	2	6	5e-04	0	0.5
LanB1	CG9520	2	6	0.0011	0	0.5
LanA	CG9520	2	6	0	0	0.5
LanB2	CG9520	2	6	0	0	0.5
Chi	CG9520	2	6	4e-04	0	0.5
nmo	CG9520	2	6	0.0025	0	0.5
ics	CG9520	2	6	0	0	0.5
oaf	CG9520	2	6	3e-04	0	0.5
dco	CG9520	2	6	0	0	0.5
Dys	CG9520	2	6	6e-04	0	0.5
drm	CG9520	2	6	4e-04	0	0.5
RpL30	CG9520	2	6	0	0	0.5
how	CG9520	2	6	0	0	0.5
dei	CG9520	2	6	3e-04	0	0.5
CG1244	CG9520	2	6	1e-04	0	0.5
Chc	CG9520	2	6	0	0	0.5
Orct	CG9520	2	6	0.9828	0.97847	0.5
sgl	CG9520	2	6	0	0	0.5
CG17221	CG9520	2	6	1e-04	0	0.5
gkt	CG9520	2	6	0	0	0.5
by	CG9520	2	6	5e-04	0	0.5
Pka.C3	CG9520	2	6	0	0	0.5
vlc	CG9520	2	6	4e-04	0	0.5
fl.2.d	CG9520	2	6	6e-04	0	0.5
Nf1	CG9520	2	6	9e-04	0	0.5
CG6372	CG9520	2	6	0	0	0.5
Rho1	CG9520	2	6	0	0	0.5
kuk	CG9520	2	6	0.0025	0	0.5
l.2.gl	CG9520	2	6	4e-04	0	0.5
Ald	CG9520	2	6	0	0	0.5
jumu	CG9520	2	6	6e-04	0	0.5
glu	CG9520	2	6	4e-04	0	0.5
fs.2.ltoPP43	CG9520	2	6	0.002	0	0.5
CycE	CG9520	2	6	1e-04	0	0.5
CG8247	CG9520	2	6	0.7886	-0.99679	0.5
CSN4	CG9520	2	6	0	0	0.5
X18w	CG9520	2	6	2e-04	0	0.5
bs	CG9520	2	6	0.0053	0	0.5
Nrt	CG9520	2	6	0.0017	0	0.5
mask	CG9520	2	6	0.0017	0	0.5
gl	CG9520	2	6	0.0025	0	0.5
Cp1	CG9520	2	6	0	0	0.5
ex	CG9520	2	6	6e-04	0	0.5
jing	CG9520	2	6	8e-04	0	0.5
shrb	CG9520	2	6	4e-04	0	0.5
raw	CG9520	2	6	1e-04	0	0.5
CG9445	CG9520	2	6	0.7888	-0.99649	0.5
gbb	CG9520	2	6	0	0	0.5
Hs2st	CG9520	2	6	2e-04	0	0.5
sls	CG9520	2	6	0	0	0.5
kis	CG9520	2	6	6e-04	0	0.5
run	CG9520	2	6	3e-04	0	0.5
pnr	CG9520	2	6	5e-04	0	0.5
pn	CG9520	2	6	2e-04	0	0.5
pnt	CG9520	2	6	1e-04	0	0.5
Fmr1	CG9520	2	6	2e-04	0	0.5
Myo31DF	CG9520	2	6	0	0	0.5
ALiX	CG9520	2	6	2e-04	0	0.5
sgg	CG9520	2	6	0	0	0.5
mbt	CG9520	2	6	3e-04	0	0.5
Sin3A	CG9520	2	6	0	0	0.5
dnc	CG9520	2	6	0	0	0.5
morgue	CG9520	2	6	4e-04	0	0.5
Set2	CG9520	2	6	0.0012	0	0.5
exu	CG9520	2	6	5e-04	0	0.5
odd	CG9520	2	6	0	0	0.5
esc	CG9520	2	6	8e-04	0	0.5
dah	CG9520	2	6	0	0	0.5
Taf4	CG9520	2	6	4e-04	0	0.5
Jafrac2	CG9520	2	6	2e-04	0	0.5
Fas3	CG9520	2	6	0	0	0.5
wus	CG9520	2	6	9e-04	0	0.5
Wnt5	CG9520	2	6	1e-04	0	0.5
sprt	CG9520	2	6	0	0	0.5
jar	CG9520	2	6	0.0021	0	0.5
v	CG9520	2	6	0.001	0	0.5
Snap	CG9520	2	6	0	0	0.5
vap	CG9520	2	6	0	0	0.5
Src42A	CG9520	2	6	4e-04	0	0.5
esg	CG9520	2	6	9e-04	0	0.5
zfh1	CG9520	2	6	2e-04	0	0.5
alien	CG9520	2	6	5e-04	0	0.5
peb	CG9520	2	6	0	0	0.5
par.1	CG9520	2	6	4e-04	0	0.5
hyd	CG9520	2	6	0.0025	0	0.5
trc	CG9520	2	6	4e-04	0	0.5
Eip63E	CG9520	2	6	0	0	0.5
ird5	CG9520	2	6	4e-04	0	0.5
bl	CG9520	2	6	0	0	0.5
Syx1A	CG9520	2	6	0.0017	0	0.5
drl	CG9520	2	6	5e-04	0	0.5
rg	CG9520	2	6	0	0	0.5
apt	CG9520	2	6	0	0	0.5
svr	CG9520	2	6	0	0	0.5
sar1	CG9520	2	6	8e-04	0	0.5
Tab2	CG9520	2	6	1e-04	0	0.5
zfh2	CG9520	2	6	0	0	0.5
dj	CG9520	2	6	0	0	0.5
tum	CG9520	2	6	2e-04	0	0.5
yellow.f	CG9520	2	6	6e-04	0	0.5
p53	CG9520	2	6	0	0	0.5
ImpE3	CG9520	2	6	0	0	0.5
cbt	CG9520	2	6	1e-04	0	0.5
dl	CG9520	2	6	0.0013	0	0.5
Dl	CG9520	2	6	3e-04	0	0.5
Sur	CG9520	2	6	0.0012	0	0.5
Rpd3	CG9520	2	6	0	0	0.5
CG4945	CG9520	2	6	0	0	0.5
eve	CG9520	2	6	1e-04	0	0.5
Stat92E	CG9520	2	6	9e-04	0	0.5
ken	CG9520	2	6	0	0	0.5
dpld	CG9520	2	6	2e-04	0	0.5
CG1942	CG9520	2	6	0	0	0.5
Dcp.1	CG9520	2	6	6e-04	0	0.5
Tak1	CG9520	2	6	0	0	0.5
cg	CG9520	2	6	0	0	0.5
fw	CG9520	2	6	0.0011	0	0.5
tutl	CG9520	2	6	3e-04	0	0.5
bhr	CG9520	2	6	6e-04	0	0.5
ash2	CG9520	2	6	0	0	0.5
mth	CG9520	2	6	0.0013	0	0.5
numb	CG9520	2	6	0	0	0.5
X14.3.3zeta	CG9520	2	6	2e-04	0	0.5
Lis.1	CG9520	2	6	4e-04	0	0.5
alpha.Spec	CG9520	2	6	5e-04	0	0.5
twf	CG9520	2	6	0	0	0.5
Bap60	CG9520	2	6	9e-04	0	0.5
drk	CG9520	2	6	0.0016	0	0.5
Nrx.IV	CG9520	2	6	8e-04	0	0.5
trn	CG9520	2	6	0	0	0.5
chn	CG9520	2	6	0	0	0.5
RhoGAP68F	CG9520	2	6	0	0	0.5
CycA	CG9520	2	6	7e-04	0	0.5
LIMK1	CG9520	2	6	6e-04	0	0.5
Rca1	CG9520	2	6	0.0013	0	0.5
pelo	CG9520	2	6	2e-04	0	0.5
CG32082	CG9520	2	6	3e-04	0	0.5
pyd	CG9520	2	6	1e-04	0	0.5
Mlc1	CG9520	2	6	1e-04	0	0.5
meso18E	CG9520	2	6	3e-04	0	0.5
rdx	CG9520	2	6	0	0	0.5
t	CG9520	2	6	0.0408	0	0.5
alph	CG9520	2	6	0	0	0.5
elav	CG9520	2	6	0.003	0	0.5
shg	CG9520	2	6	3e-04	0	0.5
shn	CG9520	2	6	0	0	0.5
th	CG9520	2	6	2e-04	0	0.5
lmd	CG9520	2	6	0	0	0.5
enok	CG9520	2	6	0	0	0.5
loco	CG9520	2	6	0.0136	0	0.5
disco	CG9520	2	6	3e-04	0	0.5
Gtp.bp	CG9520	2	6	0	0	0.5
crol	CG9520	2	6	2e-04	0	0.5
Sema.1b	CG9520	2	6	8e-04	0	0.5
dom	CG9520	2	6	0.001	0	0.5
Aph.4	CG9520	2	6	0	0	0.5
Hr78	CG9520	2	6	0	0	0.5
kuz	CG9520	2	6	0	0	0.5
mbo	CG9520	2	6	0	0	0.5
par.6	CG9520	2	6	0	0	0.5
ast	CG9520	2	6	0.0011	0	0.5
CG9769	CG9520	2	6	0.0016	0	0.5
Rbp9	CG9520	2	6	0	0	0.5
hyx	CG9520	2	6	9e-04	0	0.5
sced	CG9520	2	6	6e-04	0	0.5
ninaE	CG9520	2	6	1e-04	0	0.5
Dscam	CG9520	2	6	1e-04	0	0.5
Eip63F.1	CG9520	2	6	7e-04	0	0.5
lic	CG9520	2	6	0.0012	0	0.5
Idgf5	CG9520	2	6	0	0	0.5
Idgf4	CG9520	2	6	5e-04	0	0.5
Mbs	CG9520	2	6	8e-04	0	0.5
opa	CG9520	2	6	0.0016	0	0.5
lwr	CG9520	2	6	1e-04	0	0.5
wee	CG9520	2	6	2e-04	0	0.5
Cks30A	CG9520	2	6	0	0	0.5
fax	CG9520	2	6	0	0	0.5
bun	CG9520	2	6	0	0	0.5
bnb	CG9520	2	6	0.001	0	0.5
Apc	CG9520	2	6	6e-04	0	0.5
ytr	CG9520	2	6	2e-04	0	0.5
blow	CG9520	2	6	4e-04	0	0.5
Hph	CG9520	2	6	1e-04	0	0.5
fs.1.M3	CG9520	2	6	0	0	0.5
chinmo	CG9520	2	6	0	0	0.5
CG13850	CG9520	2	6	0	0	0.5
E2f2	CG9520	2	6	1e-04	0	0.5
eIF.4a	CG9520	2	6	9e-04	0	0.5
stil	CG9520	2	6	0	0	0.5
Sh	CG9520	2	6	0	0	0.5
l.3.mbt	CG9520	2	6	0.0011	0	0.5
osa	CG9520	2	6	2e-04	0	0.5
Cip4	CG9520	2	6	0	0	0.5
kkv	CG9520	2	6	6e-04	0	0.5
pcm	CG9520	2	6	0	0	0.5
Hr46	CG9520	2	6	1e-04	0	0.5
dib	CG9520	2	6	0	0	0.5
Idgf1	CG9520	2	6	5e-04	0	0.5
SelD	CG9520	2	6	5e-04	0	0.5
eff	CG9520	2	6	1e-04	0	0.5
glec	CG9520	2	6	0	0	0.5
E.z.	CG9520	2	6	4e-04	0	0.5
Pink1	CG9520	2	6	2e-04	0	0.5
caup	CG9520	2	6	7e-04	0	0.5
pav	CG9520	2	6	2e-04	0	0.5
PebIII	CG9520	2	6	8e-04	0	0.5
flw	CG9520	2	6	6e-04	0	0.5
aft	CG9520	2	6	4e-04	0	0.5
fog	CG9520	2	6	0	0	0.5
ksr	CG9520	2	6	1e-04	0	0.5
Caf1	CG9520	2	6	5e-04	0	0.5
grp	CG9520	2	6	0	0	0.5
Ggamma1	CG9520	2	6	4e-04	0	0.5
cort	CG9520	2	6	9e-04	0	0.5
brat	CG9520	2	6	0	0	0.5
NetB	CG9520	2	6	0	0	0.5
Arc.p34	CG9520	2	6	4e-04	0	0.5
fru	CG9520	2	6	0.0011	0	0.5
CG12896	CG9520	2	6	2e-04	0	0.5
Rheb	CG9520	2	6	4e-04	0	0.5
bt	CG9520	2	6	1e-04	0	0.5
dmt	CG9520	2	6	2e-04	0	0.5
CG14995	CG9520	2	6	0	0	0.5
tou	CG9520	2	6	0	0	0.5
Mhc	CG9520	2	6	0	0	0.5
Msp.300	CG9520	2	6	3e-04	0	0.5
Pgant35A	CG9520	2	6	6e-04	0	0.5
Pen	CG9520	2	6	3e-04	0	0.5
tld	CG9520	2	6	2e-04	0	0.5
Tl	CG9520	2	6	0	0	0.5
tkv	CG9520	2	6	0	0	0.5
CG4500	CG9520	2	6	0.0015	0	0.5
CG8216	CG9520	2	6	0	0	0.5
snf	CG9520	2	6	0	0	0.5
CG9104	CG9520	2	6	0	0	0.5
sn	CG9520	2	6	2e-04	0	0.5
cta	CG9520	2	6	0	0	0.5
eIF.4E	CG9520	2	6	0.0014	0	0.5
ecd	CG9520	2	6	0	0	0.5
EcR	CG9520	2	6	0.0022	0	0.5
LCBP1	CG9520	2	6	0	0	0.5
Antp	CG9520	2	6	0.0013	0	0.5
Myo61F	CG9520	2	6	0	0	0.5
Moe	CG9520	2	6	2e-04	0	0.5
Traf6	CG9520	2	6	0.7328	0.9973	0.5
ap	CG9520	2	6	4e-04	0	0.5
msi	CG9520	2	6	0	0	0.5
Pop2	CG9520	2	6	4e-04	0	0.5
baz	CG9520	2	6	2e-04	0	0.5
bcd	CG9520	2	6	5e-04	0	0.5
Atpalpha	CG9520	2	6	0.0092	0	0.5
pdm2	CG9520	2	6	8e-04	0	0.5
tin	CG9520	2	6	0	0	0.5
Idgf2	CG9520	2	6	0	0	0.5
slam	CG9520	2	6	0	0	0.5
trio	CG9520	2	6	2e-04	0	0.5
qm	CG9520	2	6	1e-04	0	0.5
uzip	CG9520	2	6	0	0	0.5
N	CG9520	2	6	3e-04	0	0.5
CG17470	CG9520	2	6	0	0	0.5
SelG	CG9520	2	6	0.0011	0	0.5
Cct1	CG9520	2	6	0.0061	0	0.5
Atx2	CG9520	2	6	5e-04	0	0.5
her	CG9520	2	6	0	0	0.5
pio	CG9520	2	6	0.001	0	0.5
chrw	CG9520	2	6	4e-04	0	0.5
prod	CG9520	2	6	0	0	0.5
prd	CG9520	2	6	0	0	0.5
Prm	CG9520	2	6	4e-04	0	0.5
thr	CG9520	2	6	9e-04	0	0.5
stg	CG9520	2	6	3e-04	0	0.5
l.2.37Cc	CG9520	2	6	0.0012	0	0.5
Mef2	CG9520	2	6	0	0	0.5
sli	CG9520	2	6	0	0	0.5
dec.1	CG9520	2	6	9e-04	0	0.5
dos	CG9520	2	6	2e-04	0	0.5
Dif	CG9520	2	6	0	0	0.5
Hs6st	CG9520	2	6	0	0	0.5
asf1	CG9520	2	6	3e-04	0	0.5
Mitf	CG9520	2	6	0	0	0.5
Pvf1	CG9520	2	6	0.0013	0	0.5
Dredd	CG9520	2	6	7e-04	0	0.5
poe	CG9520	2	6	2e-04	0	0.5
